7.81551 172.254 166.35 -89.9372 11.5509 
8.22926 171.957 165.609 -92.977 11.7777 
8.49518 171.779 164.992 -94.6954 11.9358 
8.64174 171.642 164.5 -95.1612 11.8778 
8.72141 171.541 164.129 -95.1015 11.7511 
8.72096 171.454 163.738 -94.7072 11.9839 
8.64323 171.398 163.336 -94.0148 12.5492 
8.52289 171.333 163.227 -93.1165 11.5787 
8.25446 170.869 163.586 -92.8338 4.81865 
7.60789 170.175 164.133 -89.0349 1.08913 
5.7897 172.266 162.684 -57.0255 7.99807 
6.34159 173.657 163.77 -14.3932 9.04978 
8.36596 173.428 166.546 15.9872 8.86671 
6.77743 173.251 158.174 13.0883 7.21929 
5.97061 173.721 154.593 -39.0746 5.03587 
8.20923 174.415 158.529 -60.3018 3.54104 
9.2616 175.139 162.816 -63.216 2.96731 
9.70937 176.075 166.319 -62.7926 2.28461 
9.81618 176.88 168.56 -62.9485 2.59569 
5.50019 177.482 159.694 -43.1019 4.57177 
9.72776 178.021 159.494 58.3336 5.5152 
24.7919 178.079 155.49 69.8663 5.73364 
41.5545 177.734 155.36 74.2691 5.48719 
56.4448 177.425 156.332 75.0035 5.35942 
65.4613 177.28 152.65 72.1438 5.36713 
68.0647 178.886 148.414 70.9272 5.80773 
69.0623 179.477 147.671 71.6284 5.41503 
69.5002 179.333 147.617 73.1832 4.43684 
69.0642 179.358 148.651 77.3291 2.82891 
60.1506 178.772 148.698 81.66 3.86997 
46.4844 176.846 147.188 79.8513 4.14901 
29.619 175.235 147.678 76.4931 5.89768 
9.76771 174.49 141.763 48.386 7.41337 
9.74435 174.728 146.588 -56.2825 6.94951 
13.1412 175.312 162.617 -74.4531 6.56603 
14.9055 175.001 170.11 -83.422 6.79821 
15.7149 174.355 171.682 -88.5979 6.24452 
16.3283 173.685 171.47 -92.0825 5.14931 
16.793 173.188 170.457 -95.1313 3.98392 
15.3163 172.927 168.188 -97.2682 2.6907 
15.8984 171.785 167.148 -102.247 2.20179 
18.5205 170.738 166.372 -107.862 3.72259 
23.1956 169.149 165.41 -110.528 4.59001 
29.1505 167.949 164.984 -110.347 5.33962 
34.7368 167.199 159.128 -111.736 4.84104 
31.8272 166.505 142.458 -110.765 5.1072 
18.9173 166.522 134.248 -104.83 5.33219 
5.70023 167.997 138.112 -7.49999 13.2735 
26.1761 163.513 157.514 39.3674 13.0654 
37.8865 163.898 174.016 58.6132 23.2508 
35.9841 155.277 177.79 64.0943 38.1587 
47.0491 113.795 178.446 85.5813 18.5619 
39.3582 138.854 96.9931 176.33 9.56313 
45.476 142.035 88.7389 -173.854 10.2994 
67.3999 146.385 163.413 154.372 17.1205 
82.5791 149.679 97.2531 -156.464 48.4496 
95.6653 141.009 58.6239 89.2437 32.4233 
126.014 142.183 58.3658 96.6761 45.3451 
122.909 141.645 73.4799 54.0481 85.7029 
68.3701 122.239 40.1872 68.484 85.622 
52.5809 120.203 162.971 134.933 78.2278 
32.8032 120.91 74.2145 88.5553 69.5433 
21.2599 120.556 126.083 131.721 61.8422 
52.0938 132.271 76.0674 71.3334 83.5379 
55.1203 152.239 173.794 48.0377 16.4709 
59.7832 158.032 172.23 42.9718 18.9224 
