2 0 0
1 0 0 0
0 0 0
0 0 0 0
2 0 0
0.9456115 -0.3252982 -2.599524E-10 -3.205584E-10
0.9966085 0.08229074 -3.795782E-10 -3.134211E-11
0 0 0 0
0.9908455 0.1350013 -1.639412E-09 -4.361982E-10
0 0 0 0
0.6993613 -0.03237322 0.01144169 0.7139434
0.7142302 -0.03877886 0.07596511 0.694695
0.6601222 0.02402996 0.1350162 0.738534
0 0 0 0
0 0 0 0
0 0 0 0
0.6993614 -0.03237323 -0.01144171 -0.7139434
0.7142301 -0.03877884 -0.07596502 -0.6946951
0.6601228 0.02402973 -0.1350169 -0.7385333
0 0 0 0
0 0 0 0
0 0 0 0
0.02307862 0.9996318 -0.009859299 -0.01032067
-0.04863718 0.9987192 -0.0131661 -0.004591929
0.5572471 0.8281212 -0.05813717 -0.01763923
0 0 0 0
0.02307862 0.9996318 0.009859269 0.01032068
-0.04863715 0.9987192 0.01316608 0.00459194
0.557247 0.8281212 0.05813721 0.01763917
0 0 0 0
0.7293456 -0.04796034 0.01125039 0.6823697
0.7293456 -0.04796031 -0.01125042 -0.6823697
0.09990521 0.6338975 2.585828
0.9971724 -0.05149211 -0.05380599 -0.01004548
-0.9979347 0.03643597 0.05203047 0.009583683
-0.9852965 0.08192416 0.1481176 0.02324915
-0.7876787 0.04106778 -0.007113124 -0.6146748
-0.7471374 0.03895405 -0.1877728 -0.6364036
-0.5136095 0.1547206 -0.3026383 -0.7878305
-0.7703142 -0.04016243 0.08636437 0.630511
-0.7001408 -0.03650375 0.3078031 0.6432166
0.2609418 0.07665963 -0.2821892 -0.9200011
0.9978453 -0.02839516 -0.05384231 -0.0244853
0.9981009 0.0172052 -0.05490435 -0.02200082
-0.9996685 -0.01465826 -0.02115656 0.0007909366
0.9973934 -0.02156803 -0.05381792 0.04295403
0.9974858 0.01675696 -0.05212838 0.04498943
-0.9834564 -0.01813477 -0.1802324 -0.001098787
0.9820313 0 0.03229878 0.1859337
0.9811264 0 -0.1322184 -0.1411
0.0998679 0.6338982 2.585817
0.9971835 -0.05145534 -0.05365583 -0.00992632
-0.9979494 0.03628185 0.05188915 0.009397559
-0.9879153 0.07452109 0.1334761 0.02557727
-0.7876396 0.04095388 -0.007234624 -0.6147311
-0.747427 0.038863 -0.1878165 -0.6360562
-0.5215581 0.1418261 -0.2947476 -0.7880269
-0.7702423 -0.0400493 0.08647629 0.6305909
-0.7000341 -0.03639878 0.3081329 0.6431808
0.2603767 0.07399406 -0.2833902 -0.9200104
0.9978369 -0.02866299 -0.05369098 -0.02484491
0.9980943 0.0175416 -0.05478314 -0.0223338
-0.9996155 -0.01484499 -0.0234038 0.0007987634
0.9974105 -0.02148032 -0.05366804 0.04278649
0.9975053 0.01650164 -0.05200049 0.04479835
-0.983779 -0.01789526 -0.1784881 -0.0009012932
0.982058 0 0.03238769 0.185777
0.9812052 0 -0.1319916 -0.1407646
0.09981679 0.6338941 2.58579
0.9971941 -0.0514156 -0.05351753 -0.009809386
-0.9979641 0.03613377 0.05173659 0.009238011
-0.9891344 0.0795746 0.1211077 0.02478216
-0.7875903 0.04083027 -0.007318105 -0.6148014
-0.747636 0.03875894 -0.1878517 -0.6358066
-0.5248401 0.1353193 -0.2906612 -0.78851
-0.7701712 -0.03992722 0.08658736 0.6306701
-0.6999463 -0.03628663 0.3084036 0.643153
0.2601029 0.07295009 -0.2840178 -0.9199777
0.9978228 -0.02894902 -0.05355128 -0.02537644
0.998082 0.01790757 -0.05468312 -0.02283549
-0.9995683 -0.01500502 -0.02525042 0.0008052828
0.9974256 -0.02138663 -0.05352996 0.04265271
0.9975231 0.0162112 -0.05188481 0.04463941
-0.9840237 -0.01764542 -0.1771592 -0.0007117538
0.9820825 0 0.03251079 0.1856258
0.9812709 0 -0.1317928 -0.1404922
0.09973171 0.6338781 2.585737
0.9971973 -0.05140688 -0.05348195 -0.00972846
-0.9979744 0.03602193 0.05163522 0.009129671
-0.9871269 0.071101 0.1409689 0.02555785
-0.7875526 0.04074772 -0.007370352 -0.6148547
-0.7479277 0.03869754 -0.1885179 -0.6352698
-0.5227612 0.1319945 -0.2889526 -0.7910783
-0.7701473 -0.03984718 0.08660216 0.6307024
-0.699745 -0.03620458 0.3092713 0.6429599
0.2547707 0.03776945 -0.2963665 -0.9196914
0.9978118 -0.02912994 -0.05351491 -0.02567492
0.9980711 0.01819057 -0.05467155 -0.02310993
-0.9995756 -0.01516928 -0.02485577 0.00081356
0.9974371 -0.02123062 -0.05349481 0.04250747
0.9975362 0.0159023 -0.0518759 0.04446876
-0.9845303 -0.01740122 -0.1743474 -0.0005371615
0.9821014 0 0.03269367 0.1854939
0.9812872 0 -0.1317787 -0.1403918
0.09958417 0.6338543 2.585639
0.9971974 -0.05143356 -0.05345942 -0.009699423
-0.9979801 0.0359382 0.0515944 0.009076036
-0.9880565 0.07699161 0.1320604 0.01940759
-0.7881284 0.04074511 -0.006779696 -0.6141232
-0.720286 0.03723776 -0.3028883 -0.6229448
-0.4598848 0.07789831 -0.3789248 -0.7992834
-0.7702435 -0.03982049 0.08629072 0.6306292
-0.6678509 -0.03452693 0.4082888 0.621356
0.2066429 -0.01773838 -0.4169772 -0.8849372
0.9978007 -0.02915409 -0.05349177 -0.02612556
0.9980578 0.01835384 -0.05467423 -0.02355086
-0.9995033 -0.01507922 -0.02766441 0.0008083885
0.9974459 -0.02101308 -0.05347275 0.04243701
0.9975457 0.01557762 -0.05188061 0.04436932
-0.9855121 -0.01722068 -0.1687286 -0.0004753179
0.9821203 0 0.03283975 0.1853679
0.9812725 0 -0.1318581 -0.14042
0.09934493 0.6338692 2.585501
0.9971954 -0.0515115 -0.05340399 -0.009794655
0.9979824 -0.03588936 -0.05158032 -0.00908742
-0.987474 0.07721328 0.136975 0.01308197
-0.7947446 0.04107576 -0.0002386488 -0.6055524
-0.5893238 0.03045874 -0.5754414 -0.5662482
-0.5000771 -0.4311688 -0.397934 -0.6369187
-0.7721176 -0.0399063 0.08682606 0.6282541
-0.5941011 -0.03070566 0.6045824 0.5296992
0.1942213 0.2341778 -0.5373597 -0.7865645
0.9977934 -0.02906001 -0.05343601 -0.0266184
0.9980461 0.01844496 -0.05464192 -0.02404593
-0.9994727 -0.01489485 -0.0288457 0.0007976837
0.9974505 -0.02076306 -0.05341765 0.04252139
0.9975493 0.01529518 -0.05184617 0.04442396
-0.9861353 -0.01712402 -0.1650569 -0.0005166546
0.9821949 0 0.03261188 0.1850126
0.9813022 0 -0.1316839 -0.1403761
0.09888367 0.6340569 2.585335
0.9971639 -0.05166418 -0.05377341 -0.01017572
0.9979583 -0.03588375 -0.05203144 -0.00918895
-0.9868075 0.06456779 0.1482165 0.008589312
-0.8136377 0.04242122 -0.004582483 -0.5798043
-0.4862246 0.08947907 -0.7134457 -0.4965626
-0.2578184 -0.3526613 -0.63852 -0.6336025
-0.7974535 -0.04157741 0.09775791 0.5939552
-0.4840671 -0.02195738 0.771713 0.4118932
0.0810471 0.2475203 -0.7035384 -0.6612101
0.9977787 -0.0288605 -0.05380656 -0.02664087
0.9980291 0.01825182 -0.05500368 -0.02407233
-0.9995778 -0.01459788 -0.02511157 0.000787207
0.9974186 -0.02032618 -0.05378714 0.04301109
0.9975128 0.0150127 -0.05223005 0.04488911
-0.9865024 -0.01707875 -0.1628517 -0.0009047052
0.9824748 0 0.03092489 0.1838122
0.9813597 0 -0.1313628 -0.1402748
0.0983642 0.6343322 2.585186
0.9971218 -0.05181514 -0.05431523 -0.01064042
0.9978879 -0.03590835 -0.05332365 -0.009324374
-0.9848111 0.05120484 0.1659069 0.0004423359
-0.8171179 0.04366386 -0.02925025 -0.5740699
-0.4182764 0.1891724 -0.7154428 -0.5266881
0.02419159 0.1143362 0.7226284 0.6812859
-0.8190557 -0.04376741 0.1178674 0.5597674
-0.411494 0.05571971 0.7707479 0.4832348
0.06699295 0.2900804 -0.7028359 -0.6460555
0.9977425 -0.02860132 -0.05434905 -0.0271674
0.9979995 0.01746625 -0.0555447 -0.02463073
-0.9997717 -0.01375603 -0.01633894 0.0007493188
0.9973736 -0.01987651 -0.05432894 0.04358167
0.9974621 0.01478254 -0.0527822 0.04544266
-0.9859014 -0.01703225 -0.1664544 -0.001262345
0.9830648 0 0.0270091 0.1812573
0.9814176 0 -0.1310291 -0.1401816
0.0977466 0.6346606 2.585083
0.9970756 -0.0519044 -0.054951 -0.01125234
0.9978114 -0.03591606 -0.05469912 -0.009508044
-0.9855675 0.0532115 0.1605318 -0.007392519
-0.8252252 0.04523801 -0.04175042 -0.5614391
-0.4607382 0.1241706 -0.7348806 -0.4819259
-0.1777447 -0.277538 -0.6939439 -0.6401731
-0.8404261 -0.04607131 0.128491 0.5244535
-0.3716266 0.07686523 0.7659358 0.5189682
-0.04749886 -0.3025585 0.7030127 0.6418535
0.9977091 -0.02831839 -0.05498592 -0.02740977
0.9979734 0.01656682 -0.05616265 -0.02490991
-0.999895 -0.01290536 -0.006552761 0.000711241
0.9973168 -0.01941379 -0.0549643 0.04428813
0.9973983 0.01463878 -0.05342059 0.04613841
-0.9850123 -0.01709597 -0.1716269 -0.001718897
0.9837084 0 0.02273117 0.178329
0.9814991 0 -0.1305831 -0.1400271
0.09683616 0.6350927 2.585155
0.9969933 -0.05177732 -0.05632415 -0.0122911
0.9977418 -0.03585758 -0.05594439 -0.009790618
-0.9839799 0.05451245 0.1686954 -0.01880652
-0.829863 0.04653101 -0.05003135 -0.5537682
-0.4268278 0.1390245 -0.7390081 -0.5023519
-0.04001116 -0.1364475 -0.7293438 -0.669208
-0.8458242 -0.04742596 0.1383668 0.5130175
-0.3229678 0.09926379 0.7586226 0.5570731
-0.07106245 -0.3489078 0.7045767 0.6138285
0.9976372 -0.02852518 -0.05636052 -0.027018
0.9979203 0.01576839 -0.05750382 -0.02449066
-0.999916 -0.0119881 -0.00489498 0.0006772431
0.9971996 -0.01899157 -0.05633581 0.04537067
0.9972755 0.01446826 -0.05478224 0.04723482
-0.9847246 -0.01727946 -0.1732398 -0.002598393
0.9843753 0 0.01860624 0.1750973
0.9815933 0 -0.1300793 -0.1398357
0.09521703 0.635734 2.585764
0.996833 -0.05093319 -0.05935918 -0.01437249
0.9976939 -0.03561421 -0.05686449 -0.01025197
-0.9824642 0.06122409 0.1745841 -0.02315899
-0.8368286 0.04769557 -0.05345234 -0.5427578
-0.4258025 0.09395918 -0.7478112 -0.5006422
-0.002287728 -0.1564932 -0.7127804 -0.6837029
-0.8455163 -0.04819073 0.1517916 0.5096462
-0.3012899 0.0949432 0.7637193 0.562977
-0.0567103 -0.3593365 0.7086657 0.6045283
0.9974689 -0.03005469 -0.05939705 -0.02499018
0.9978084 0.01503264 -0.06046525 -0.02228165
-0.999929 -0.01117421 -0.004088058 0.0006653861
0.9969347 -0.01888742 -0.05936524 0.04733291
0.9970125 0.01420187 -0.05776202 0.04927662
-0.984544 -0.01768089 -0.1741907 -0.004288689
0.9853441 0 0.01481167 0.1699347
0.9816988 0 -0.1293617 -0.139761
0.0933012 0.6365014 2.587025
0.9966268 -0.04919059 -0.06348024 -0.01690041
0.9976414 -0.0350929 -0.05798659 -0.0108509
-0.9824651 0.05861099 0.1752486 -0.02480762
-0.8351494 0.04854181 -0.05864456 -0.5447292
0.4362757 -0.02358272 0.7547272 0.4893814
0.03316819 -0.1217897 -0.7055612 -0.6973168
-0.8430975 -0.04900378 0.1661836 0.5090858
-0.3175022 0.04781352 0.7848844 0.529965
-0.02240329 0.3206397 -0.7038141 -0.6335098
0.9971884 -0.03295337 -0.06351601 -0.02225385
0.9976284 0.01443089 -0.064501 -0.01921297
-0.9999401 -0.01050094 -0.003075501 0.0006688483
0.9965523 -0.01941267 -0.0634755 0.04977404
0.9966449 0.01387305 -0.06177815 0.05186574
-0.9845428 -0.01812063 -0.1740836 -0.006473624
0.9868233 0 0.009958496 0.1614951
0.9818339 0 -0.1284046 -0.1396944
0.09121154 0.6373011 2.589225
0.9963363 -0.0460792 -0.06930379 -0.01969523
0.9976274 -0.0341329 -0.05865099 -0.01159848
-0.9864515 0.06469448 0.1487061 -0.02479162
-0.8566462 0.05036264 -0.0400666 -0.5118745
0.4228789 0.0116551 0.7443969 0.5166345
0.06365381 -0.1034564 -0.6832713 -0.7199902
-0.8436667 -0.04959957 0.1709716 0.5064929
-0.3734941 -0.04468016 0.8048897 0.4589756
-0.04929053 0.2695209 -0.697964 -0.6616462
0.9966916 -0.03789529 -0.06932851 -0.01906264
0.9973141 0.01396205 -0.07022563 -0.01543331
-0.9999455 -0.01006775 0.002725289 0.0007002884
0.9959878 -0.02077557 -0.06927955 0.05269847
0.9961142 0.01341285 -0.06743047 0.05504469
-0.9846168 -0.01879685 -0.1734754 -0.009106867
0.988122 0 0.005653196 0.1535675
0.9821641 0 -0.1266771 -0.138948
0.08977757 0.6378423 2.592364
0.9959815 -0.04146369 -0.0763891 -0.02159858
0.9976429 -0.03224415 -0.05929948 -0.0123594
-0.9819058 0.06398505 0.1774188 -0.01702084
-0.8346045 0.04960833 0.004220113 -0.5485951
-0.6202518 0.03686735 -0.1338182 -0.7720241
-0.6553139 -0.1743477 0.05589844 -0.7328315
-0.8662907 -0.05149174 0.1393778 0.4769307
0.4423516 0.02629309 -0.6516218 -0.6156483
0.01515017 0.2518317 -0.5598752 -0.7892346
0.9959194 -0.04488033 -0.07638434 -0.01719847
0.9968347 0.01379555 -0.07726394 -0.01267435
-0.9998997 -0.009891669 0.01010899 0.0007586579
0.9952806 -0.02321776 -0.07633536 0.05523004
0.9954672 0.01295037 -0.07427879 0.05796641
-0.9855561 -0.01944634 -0.1678231 -0.01168325
0.9894834 0 0.0001733405 0.1446463
0.9826669 0 -0.1238203 -0.137965
0.08932466 0.6381281 2.595367
0.9957407 -0.03690368 -0.08153028 -0.02216877
0.997694 -0.02953626 -0.0596949 -0.01308051
-0.9820965 0.07021179 0.1731799 -0.02378722
-0.8252999 0.04937971 0.02656268 -0.5619041
-0.6762204 0.04045993 0.06060879 -0.7330864
-0.7256373 -0.04114015 0.1469308 -0.6709468
-0.8676418 -0.05191313 0.1232614 0.4788627
-0.5198214 -0.03110218 0.4362857 0.7338073
0.06891372 0.2069574 -0.3657437 -0.9047935
0.9952037 -0.05135734 -0.08148631 -0.01709074
0.9964297 0.01399326 -0.08243141 -0.01171218
-0.9996764 -0.01020838 0.02328613 0.0008358497
0.9947275 -0.02604518 -0.08144732 0.0566154
0.9949868 0.01274783 -0.07917862 0.05974708
-0.9861982 -0.0199904 -0.1638208 -0.01328461
0.9903778 0 -0.004964656 0.1383007
0.9831767 0 -0.1201671 -0.1375625
0.08911081 0.6383665 2.597375
0.9955931 -0.03373694 -0.0845956 -0.02235477
0.997788 -0.02523983 -0.06000374 -0.0134799
-0.9797311 0.07546867 0.1842199 -0.02223666
-0.8159926 0.0490708 0.05118297 -0.5736973
-0.6907752 0.04154068 0.1900173 -0.6964176
-0.7244478 0.02531639 0.198772 -0.6595638
-0.8651414 -0.05202642 0.08102755 0.4921973
-0.6448147 -0.03877679 -0.08660815 0.7584257
-0.5223592 -0.2601183 -0.2478927 0.7733233
0.994704 -0.05587552 -0.08452005 -0.0172688
0.9961668 0.01448658 -0.08552828 -0.01125888
-0.9992231 -0.01088661 0.03786587 0.0009250146
0.9945153 -0.02824886 -0.08289363 0.05718487
0.9948319 0.01297135 -0.08045371 0.06056951
-0.9867586 -0.02034486 -0.1602858 -0.0142191
0.990958 0 -0.01090268 0.1337291
0.9838293 0 -0.1146779 -0.1375827
0.08899221 0.6386541 2.598474
0.9955525 -0.03153545 -0.08596826 -0.0221452
0.9979293 -0.01976239 -0.05975527 -0.01325859
-0.9787548 0.08108106 0.1872173 -0.02036294
-0.8055726 0.04823677 0.07920834 -0.5851941
-0.686551 0.04110988 0.222559 -0.6909597
-0.6569937 0.07474643 0.1999841 -0.7230343
-0.8639611 -0.05173301 0.02786205 0.5001186
-0.6846848 -0.04099815 -0.2162734 0.6948033
-0.5969533 -0.133439 -0.3086683 0.7283985
0.9944225 -0.05864196 -0.08587068 -0.01764582
0.9960352 0.01513249 -0.08694134 -0.01124071
-0.9991357 -0.01143232 0.03995663 0.0009871547
0.9943878 -0.03090613 -0.08396748 0.05646035
0.9947551 0.01498211 -0.08127453 0.06027238
-0.9869964 -0.02104369 -0.158684 -0.01467395
0.9912901 0 -0.0170096 0.1305935
0.9845752 0 -0.1072558 -0.1382311
0.08894357 0.6390508 2.599102
0.9955897 -0.02903156 -0.08662499 -0.0213189
0.9980564 -0.01397325 -0.05941934 -0.0125475
-0.9805438 0.08111113 0.1774666 -0.02145798
-0.7955077 0.04736058 0.1014564 -0.5955091
-0.6850523 0.04078461 0.2360437 -0.6879849
-0.6883548 0.07307233 0.2059329 -0.6916789
-0.8660687 -0.05156143 -0.01728245 0.4969585
-0.5933844 -0.03532716 -0.227697 0.7712334
-0.7666662 -0.09975442 -0.2214429 0.594336
0.9942461 -0.06042444 -0.08650808 -0.01843805
0.995953 0.01593398 -0.08766652 -0.01175545
-0.9980426 -0.0124796 0.06126811 0.001085804
0.9943301 -0.03316908 -0.08437511 0.05557187
0.9947354 0.01714711 -0.08145745 0.05976684
-0.9872649 -0.02193325 -0.1568526 -0.01496873
0.991484 0 -0.02266379 0.1282409
0.9852844 0 -0.1000682 -0.138568
0.08849603 0.6395393 2.599665
0.9957851 -0.02557755 -0.08620688 -0.01806581
0.9982237 -0.006880352 -0.05841293 -0.009489545
-0.9798234 0.08594812 0.1796476 -0.01691007
-0.7869951 0.04605224 0.1161605 -0.6041726
-0.6882659 0.04027496 0.2534384 -0.6785551
-0.7033935 0.169785 0.129895 -0.6778924
-0.8663225 -0.0506942 -0.04974885 0.4944093
-0.6418643 -0.03755969 -0.2553761 0.7220682
-0.7807709 -0.05578908 -0.2031752 0.5882211
0.9941316 -0.06230295 -0.08606374 -0.02034064
0.9959275 0.01754275 -0.0874167 -0.01338021
-0.9968057 -0.01393508 0.07863154 0.001206386
0.994332 -0.03503944 -0.08378883 0.05528172
0.9947698 0.0188941 -0.08067005 0.05974095
-0.9876003 -0.0225206 -0.1545812 -0.01560466
0.9914653 0 -0.02875174 0.1271615
0.9862551 0 -0.09025274 -0.1384026
0.08673161 0.6401313 2.600416
0.9961912 -0.0210911 -0.08402345 -0.009917685
0.9983463 0.0009978568 -0.05745291 -0.001720791
0.9800432 -0.07028756 -0.1857914 0.00751505
-0.7747684 0.04458633 0.1313403 -0.6168434
-0.6911926 0.03977671 0.2215022 -0.6867368
-0.7139372 0.172424 0.08756176 -0.6729761
-0.86458 -0.04975479 -0.07827928 0.4938607
-0.6085958 -0.03502344 -0.199718 0.7671357
-0.788153 -0.1025535 -0.2033826 0.571781
0.9940814 -0.06460977 -0.0838455 -0.02444838
0.9959562 0.02105965 -0.08563637 -0.01715233
-0.9967566 -0.01607143 0.07884379 0.001355509
0.9944503 -0.03767141 -0.08160593 0.05468308
0.9949204 0.02199602 -0.07818195 0.05947562
-0.9881848 -0.02299872 -0.1506243 -0.01656864
0.9911801 0 -0.034161 0.128043
0.9874731 0 -0.08113419 -0.1353298
0.08004281 0.6412222 2.601074
0.996692 -0.01600088 -0.07958887 0.003837115
0.9985192 0.006386159 -0.05345293 0.007834028
0.9829513 -0.05967452 -0.1739115 -0.0006024952
-0.7606226 0.0407177 0.1446972 -0.6315521
-0.6963874 0.03727905 0.1496382 -0.7009018
-0.7072154 0.1588108 0.02836968 -0.6883464
-0.8600651 -0.04604106 -0.1094032 0.4961846
0.4349231 0.02328233 0.05026602 -0.898762
-0.8231375 0.004511171 0.04020881 0.5663989
0.9942095 -0.06655031 -0.08120965 -0.02289001
0.9961343 0.02445138 -0.0829596 -0.01538393
0.9917745 0.0212737 -0.1262061 -0.00169877
0.9932621 -0.07976915 -0.07691436 0.03393814
0.9956337 0.04057202 -0.07226127 0.04296424
0.9989554 0.02273921 0.03942928 0.004070571
0.9906896 0 -0.03623602 0.1312289
0.9894575 0 -0.06952473 -0.1270435
0.06973281 0.6438824 2.600893
0.9975418 -0.01325502 -0.06710207 0.01523236
0.9988968 0.007425207 -0.04299241 0.01737065
-0.9841633 0.05177439 0.169524 -0.001868839
-0.8372477 0.03603497 0.09980138 -0.5364304
-0.6107135 0.02628499 0.1401789 -0.7789018
-0.6960058 0.1194175 0.0387815 -0.7069734
-0.8498536 -0.03657753 -0.1511953 0.5035384
0.3649623 0.0157079 -0.1613924 -0.9167925
-0.7705075 0.08165749 0.1661239 0.6099619
0.9953282 -0.06528635 -0.0695801 -0.01477746
0.9971035 0.02692883 -0.0706476 -0.008287339
-0.9441992 -0.04097832 0.3268067 0.002503823
0.9782779 -0.1955503 -0.06580622 0.02005297
0.990532 -0.1188013 -0.06404547 0.02511491
-0.9841695 0.1171026 0.1327982 -0.0078773
0.9901921 0 -0.03163199 0.1360845
0.9916785 0 -0.05314887 -0.1172562
0.0546811 0.6471861 2.599862
0.9985322 -0.01414147 -0.04795687 0.02082141
-0.9994075 -0.005029982 0.02715187 -0.02054813
-0.9878668 0.03992596 0.1499339 -0.006707328
-0.8758874 0.02379607 0.07138637 -0.4766122
-0.570846 0.01550872 0.1259832 -0.811186
-0.6870012 0.09444233 0.03613557 -0.7195863
-0.8460891 -0.02298651 -0.184304 0.4996367
0.3641276 0.0098926 -0.3103577 -0.8780612
-0.7620776 0.1287063 0.2506287 0.5829733
0.9965596 -0.06602705 -0.0500031 0.003034136
0.9984649 0.02363064 -0.04952936 0.007507189
0.9915715 0.02629014 -0.1268586 -0.001262646
0.9367195 -0.3461547 -0.04498817 0.02663601
0.9544359 -0.2938005 -0.04344563 0.02908419
0.9191137 -0.2479845 -0.2982826 0.06900062
0.9895461 0 -0.023663 0.1422626
0.9941894 0 -0.02951569 -0.1035199
0.04397397 0.6511118 2.596575
0.9990992 -0.01884263 -0.02981102 0.02360319
0.9995672 0.00117977 -0.01566849 0.02487303
0.9893436 -0.03891035 -0.1392836 0.01689358
-0.8885215 0.01392743 0.06015477 -0.4546615
-0.5553859 0.008705582 0.1107073 -0.8241448
-0.6814191 0.07289876 0.03552607 -0.727387
-0.8478943 -0.0132906 -0.2017259 0.4901075
0.3660026 0.00573703 -0.3939767 -0.8430846
-0.7606015 0.1488362 0.2881025 0.5624324
0.9944326 -0.09067591 -0.02967178 0.04473619
0.9985574 0.001216469 -0.02542926 0.04727678
0.9589734 0.03388882 -0.281401 0.005939118
0.8508625 -0.5237359 -0.01771723 0.03768513
0.9090374 -0.414629 -0.01292679 0.03958494
0.901718 -0.3927088 -0.1690404 0.06410899
0.988901 0 -0.01816233 0.1474617
0.9956492 0 -0.01238354 -0.09235448
0.03809908 0.6573156 2.587773
0.9989468 -0.03172932 -0.019937 0.02647699
0.9995387 -0.003237325 -0.009987999 0.0284997
0.989614 -0.0340135 -0.137214 0.02606807
-0.8012428 0.008006314 0.1274871 -0.5845451
-0.6020563 0.006015969 0.02736425 -0.797962
-0.6713934 -0.03503591 0.06287128 -0.7375979
-0.8492048 -0.008485568 -0.2094041 0.4846949
0.3695183 0.003692362 -0.4171191 -0.8303338
-0.7272277 -0.1691057 0.09246236 0.6587821
0.9929063 -0.09042794 -0.01690723 0.07532783
0.9970014 0.005328939 -0.009596113 0.0766032
0.9792715 -0.02805078 0.1975082 0.03508996
0.744514 -0.6662161 -0.0005058099 0.04307007
0.8017463 -0.5961106 0.003393739 0.04293913
0.79794 -0.5348548 -0.2225401 0.1664287
0.9883461 0 -0.01631171 0.1513472
0.9963346 0 -0.003125092 -0.0854856
0.03567388 0.6653315 2.567323
0.9975904 -0.06190704 0 0.0313201
0.9993495 -0.01797539 -0.0092809 0.02985612
0.9873296 -0.02049045 -0.1551543 0.0262211
-0.7812701 0.007068301 0.1404061 -0.6081554
-0.5852783 0.005295125 0.07303338 -0.8075193
-0.7154139 -0.01241254 0.07801865 -0.6942204
-0.8499457 -0.007689623 -0.2145081 0.4811646
-0.5081791 0.05636151 0.5531022 0.6577654
-0.5916941 -0.401541 0.307537 0.6277612
0.9903579 -0.06778277 0.005913538 0.1206729
0.9919891 0.03688891 0.01858874 0.1193791
-0.9569589 -0.02166155 -0.2795956 -0.0747437
0.6560045 -0.7534996 0.002360204 0.04348661
0.7512775 -0.6585482 0.008180431 0.04277542
-0.7170054 0.6501055 -0.2331391 0.09440556
0.987524 0 -0.01943559 0.1562645
0.9966625 0 0.001904817 -0.08161044
0.03283601 0.6704047 2.55276
0.996211 -0.08031637 0 0.03336139
0.9988132 -0.03634758 -0.01040145 0.03070506
0.9850947 -0.01996393 -0.1687784 0.02652564
-0.791099 0.007759517 0.1413141 -0.5950904
-0.5384699 0.005281597 0.111951 -0.8351582
-0.7250686 0.01601356 0.07071441 -0.6848493
-0.8514968 -0.00835193 -0.2138422 0.4787014
0.5712259 -0.2583037 -0.5177475 -0.5821665
0.3932771 0.2172243 -0.489812 -0.7471489
0.9881095 -0.06203477 0.007314891 0.1404921
0.9876083 0.06955943 0.02588279 0.138281
-0.9481168 -0.08017812 -0.2936491 -0.09174122
0.6262222 -0.778358 0.002769905 0.0446873
0.6745028 -0.7369134 0.005609116 0.04442033
-0.6522504 0.717955 -0.212245 0.1185842
0.9862191 0 -0.02352617 0.1637633
0.9968104 0 0.004636461 -0.07967179
0.03138504 0.6731412 2.542598
0.9952949 -0.0901788 0 0.03543954
0.9983461 -0.04613974 -0.01197149 0.03213858
0.9866739 -0.03395671 -0.1554087 0.03420047
-0.8076835 0.009182487 0.131244 -0.5747504
-0.503537 0.005724671 0.1253597 -0.8548115
-0.7282991 0.02514792 0.06418961 -0.6817829
-0.8174887 -0.009293959 -0.1736445 0.5490661
-0.443395 -0.5412476 0.5587432 -0.445262
0.05367859 -0.5377464 0.7543995 -0.3725988
0.9871188 -0.05724824 0.00774516 0.1491956
0.9856827 0.07816976 0.02805877 0.1467379
-0.9454108 -0.08884172 -0.2967362 -0.1012587
0.6350595 -0.7709284 0.003446354 0.04855193
0.7360939 -0.6751273 0.01016446 0.04760095
0.7251112 -0.6285619 -0.2074492 0.1899703
0.9851468 0 -0.02650006 0.1696572
0.9968364 0 0.00466294 -0.07934482
0.03124628 0.6739801 2.536888
0.9948856 -0.09382424 0.001613164 0.03737666
0.9980916 -0.04964558 -0.01332354 0.03421821
0.9866171 -0.03420503 -0.1552656 0.03618493
-0.8252903 0.01064705 0.1114408 -0.5535011
-0.5009496 0.006462742 0.08647505 -0.8611214
-0.7262298 0.01886353 0.04575973 -0.6856683
-0.83255 -0.01074071 -0.1694153 0.5272985
0.6392676 -0.1794696 -0.5563023 -0.4996555
-0.5490596 0.2294201 0.6362483 0.4910079
0.9862202 -0.0636159 0.0101423 0.1523804
0.9853529 0.07587448 0.03149595 0.1494345
-0.9482105 -0.06803886 -0.2905001 -0.1089828
0.6805587 -0.7301217 0.01010824 0.06049948
0.8483289 -0.5259048 0.02563267 0.05572549
0.8166556 -0.5096541 0.2666444 -0.04719325
0.9845386 0 -0.02804369 0.1729087
0.9968961 0 0.003159156 -0.07866537
0.03379787 0.6740502 2.533989
0.9947358 -0.0936797 0.004563035 0.04127963
0.9979773 -0.04923405 -0.01457606 0.03748069
0.9848669 -0.03647528 -0.1637007 0.04368993
-0.8377091 0.01209174 0.08710607 -0.5389895
-0.5237786 0.007560377 0.04547464 -0.8506063
-0.7136297 0.001018957 0.04122113 -0.6993089
-0.8466029 -0.01222012 -0.1662197 0.5054556
-0.2653107 -0.4838631 0.6241645 -0.5530875
0.1612849 0.3551741 -0.7027099 0.5950112
0.9876194 -0.06267087 0.01230677 0.1432793
0.9877692 0.06026295 0.02997634 0.1406479
-0.989686 -0.06099993 -0.08311477 -0.09946306
0.7738844 -0.628797 0.0116166 0.07471747
0.8262836 -0.558156 0.01815553 0.07340315
0.819925 -0.4981461 -0.2147326 0.1829313
0.9841782 0 -0.02899525 0.1747931
0.9969113 0 0.001070442 -0.07852768
0.03753097 0.6741051 2.534033
0.995013 -0.0889383 0.006180921 0.04473269
0.9978959 -0.04838078 -0.01664864 0.03982586
0.9855686 -0.05114884 -0.1554472 0.04329425
-0.8460998 0.014116 0.07071915 -0.5281239
-0.5335789 0.008902021 0.04277722 -0.8446209
-0.7064576 0.003017065 0.03995038 -0.7066205
-0.8615308 -0.01437344 -0.1586884 0.4820541
-0.1735157 -0.4157549 0.6706969 -0.589242
0.2300698 0.4672663 -0.629807 0.5762586
0.9906104 -0.05853609 0.01215759 0.1229516
0.9915914 0.03849592 0.02410805 0.1211763
-0.9916319 -0.04151373 0.09979353 -0.07060055
0.8398924 -0.5352708 0.01428758 0.0886685
0.9704458 -0.2239845 0.04308426 0.07880346
-0.9741104 0.216437 0.03850483 -0.05274265
0.9838747 0 -0.02976652 0.176365
0.996869 0 -0.00246591 -0.07903311
0.04123186 0.6737344 2.535964
0.9955941 -0.08119742 0 0.04689863
0.9980103 -0.04537298 -0.02250129 0.03755566
-0.9889722 0.06234449 0.1261102 -0.04629752
-0.8504535 0.0191743 0.06433703 -0.521749
-0.5393205 0.0121595 0.0519906 -0.8404062
-0.7050613 0.006144348 0.04816313 -0.7074825
-0.8754668 -0.01973825 -0.1309431 0.464782
-0.1029257 -0.3609753 0.6913739 -0.6173376
-0.263504 -0.5388807 0.5687303 -0.5627791
0.995338 -0.04402592 0.003463028 0.08574519
0.9962552 0.01056388 0.00815487 0.08542674
-0.9669787 -0.03005777 0.2507651 -0.03414594
0.9236002 -0.3711243 0.006636555 0.09584113
0.9811208 -0.1678472 0.02671357 0.09228192
-0.9567716 0.1448837 0.2367543 -0.08686027
0.9837717 0 -0.03152625 0.1766335
0.9967769 0 -0.01209648 -0.07930693
0.04573558 0.6715809 2.541623
0.9965794 -0.0663112 -0.01989574 0.04512909
0.9983233 -0.03515873 -0.03688885 0.02745265
0.9868713 -0.07208188 -0.134361 0.05325684
-0.8493415 0.03138349 0.06859668 -0.5224256
-0.5502573 0.02033222 0.0707147 -0.8317469
-0.7025575 0.01927284 0.06038317 -0.7087987
-0.8888841 -0.03284461 -0.08605998 0.448776
-0.02700812 -0.3047481 0.701996 -0.643118
-0.261269 -0.6336757 0.5214325 -0.5082341
0.9974598 -0.04125791 -0.01991331 0.05454596
0.9982718 0.009042936 -0.0171402 0.05547987
-0.9843615 -0.01633458 0.1751814 -0.008798977
0.9797248 -0.1817147 -0.01757913 0.08252561
0.9963083 -0.01582822 -0.003574131 0.08430141
-0.9858301 0.001382484 0.1624619 -0.0417579
0.9840217 0 -0.03480576 0.1746135
0.9960879 0 -0.0369881 -0.08025414
0.05346234 0.667361 2.548441
0.9970807 -0.04790578 -0.04707976 0.03631199
0.9979821 -0.01966959 -0.05849353 0.01494588
0.9811458 -0.09331004 -0.1579243 0.06087722
-0.84197 0.04934935 0.08083024 -0.5311475
-0.5667784 0.03321989 0.09488734 -0.8177134
-0.6898354 0.05452323 0.06420542 -0.7190494
-0.8983777 -0.05265551 -0.04170563 0.4340571
0.03670376 -0.2536347 0.7082564 -0.6577958
0.1633158 0.6747124 -0.5522838 0.4615996
0.9973271 -0.04985662 -0.0470914 0.02520519
0.9984941 0.01251182 -0.04542576 0.02809631
-0.9869583 -0.01583145 0.1601941 0.0007474593
0.9952522 -0.03936623 -0.0451594 0.07670914
0.989443 0.1143642 -0.03280815 0.08274835
-0.9885041 -0.1154329 0.09250574 -0.0312705
0.9842961 0 -0.04297469 0.1712142
0.9936987 0 -0.07149002 -0.08632533
0.06731767 0.6567072 2.558662
0.9962369 -0.0239154 -0.07955152 0.02473624
0.9968318 -0.0001654828 -0.07952232 0.001573019
0.979129 -0.1069838 -0.1596494 0.06612949
-0.8322672 0.06639395 0.1016367 -0.5409189
-0.5931444 0.04731797 0.1127861 -0.7957513
-0.655092 0.09384995 0.06828261 -0.7465817
-0.9004527 -0.07183343 -0.01895229 0.4285623
0.06237031 -0.2712496 0.6968302 -0.6610305
0.1941726 -0.6679116 0.5934034 -0.4050475
0.994633 -0.06121467 -0.08257828 -0.01180218
0.9962336 0.02367593 -0.08328321 -0.00472984
-0.9995094 -0.02101602 0.02316721 0.001678157
0.992705 0.06306389 -0.07926949 0.06539256
0.9896067 0.1005926 -0.07673758 0.06834605
-0.9841554 -0.104741 -0.1369745 -0.04129799
0.9848671 0 -0.05376462 0.1647612
0.9901461 0 -0.1032504 -0.094605
0.08483876 0.6467966 2.569025
0.9947903 -0.003497757 -0.1007967 0.01483834
-0.9958696 -0.01460161 0.08960869 -0.0009511416
-0.975502 0.1228183 0.1673605 -0.07281391
-0.8262145 0.07434274 0.12195 -0.5449505
-0.621856 0.05595459 0.1191957 -0.7719822
-0.6101143 0.08621388 0.09639069 -0.7816882
-0.8977497 -0.08077946 -0.01575261 0.4327493
0.3452293 0.03106371 -0.4745993 -0.8090781
-0.6485765 -0.3023379 0.1875651 0.6728743
0.9921648 -0.05543878 -0.1043775 -0.04051385
0.993179 0.03255602 -0.1075525 -0.03112065
-0.9948357 -0.03025749 -0.09683784 0.003065828
0.9898262 0.09079632 -0.1002937 0.04406079
0.9887615 0.1017374 -0.09980029 0.04516726
-0.9922611 -0.1088313 -0.05762232 -0.01592438
0.9850154 0 -0.05763365 0.1625518
0.9874012 0 -0.119888 -0.1032746
0.09925831 0.641534 2.575198
0.9938636 0.008177646 -0.1102074 0.004751825
-0.9952776 -0.0247166 0.09386963 -8.261368E-05
-0.9751916 0.1144897 0.1786387 -0.06309985
-0.8241748 0.07773197 0.1309335 -0.5454815
-0.631274 0.05953855 0.1375579 -0.7609377
-0.5735797 0.05577311 0.1425399 -0.8047225
-0.8935571 -0.08427575 -0.01813567 0.4405956
0.3696046 0.03485922 -0.4389617 -0.8182236
-0.6119974 -0.350205 0.1724845 0.6877971
0.9900848 -0.05970228 -0.113647 -0.05702898
0.9913166 0.03352174 -0.1184995 -0.04610659
-0.9893332 -0.03342374 -0.1417151 0.004456001
0.9896498 0.08664346 -0.1097402 0.03230081
0.9886892 0.09699138 -0.1093962 0.03344702
-0.9937329 -0.1033854 -0.0423595 -0.003467082
0.985513 0 -0.05931288 0.15889
0.9857772 0 -0.1273526 -0.1096567
0.1120845 0.6385419 2.57907
0.9933035 0.01466732 -0.1145913 -0.001368716
-0.9949488 -0.03037872 0.09567635 0.0002333895
-0.9736293 0.1034388 0.1949077 -0.05794245
-0.7617895 0.07325508 0.1670913 -0.6216035
-0.6891703 0.06627189 0.1279185 -0.7101333
-0.5709759 0.0549061 0.138099 -0.8074036
-0.8908412 -0.08566493 -0.02259262 0.4455932
0.3840214 0.0369282 -0.4239069 -0.8194309
-0.601894 -0.3798621 0.1533737 0.6854964
0.9901736 -0.05275338 -0.1167715 -0.05601817
0.9911736 0.02831019 -0.1209573 -0.04629189
-0.9895854 -0.03014408 -0.1396112 0.01791401
0.9896911 0.07286108 -0.1169627 0.03902144
0.9895613 0.07460333 -0.1168939 0.0392273
-0.9901245 -0.08964694 -0.1074651 -0.008268883
0.9861143 0 -0.06018218 0.1547798
0.9847684 0 -0.1309276 -0.1144081
0.1235036 0.636848 2.580202
0.9930555 0.01734548 -0.1162952 -0.003940821
0.9947902 0.03253205 -0.09661131 -0.0006605447
0.9750709 -0.095379 -0.1920316 0.05712673
-0.7407914 0.07194359 0.1814177 -0.6427596
-0.7093641 0.06889146 0.125414 -0.6901652
-0.5760735 0.06763777 0.1273593 -0.8045769
-0.8894355 -0.0863795 -0.0265681 0.448037
0.3925406 0.03812245 -0.4188301 -0.8179486
-0.5946236 -0.403525 0.1433796 0.6804652
0.9898211 -0.0518252 -0.1182693 -0.05984235
0.9907151 0.03025226 -0.1228153 -0.04985131
-0.9909832 -0.0405472 -0.1276159 0.004748417
0.9900863 0.05953928 -0.1190603 0.04482329
0.9900863 0.05953928 -0.1190603 0.04482329
-0.986676 -0.07044224 -0.1462282 -0.01123292
0.9863869 0 -0.06086032 0.1527644
0.9841971 0 -0.1322497 -0.1177548
0.1324795 0.6359096 2.578583
0.9928058 0.01710074 -0.1184106 -0.004812518
0.9947761 0.03271028 -0.09666567 -0.002523575
0.9766275 -0.08777875 -0.1858931 0.0627495
-0.734683 0.07139139 0.1843832 -0.6489584
-0.7169646 0.06966963 0.12715 -0.6818656
-0.5745977 0.08454996 0.1173394 -0.8055558
-0.8878258 -0.08627274 -0.0311571 0.4509451
0.3972991 0.03860676 -0.4205641 -0.8147324
-0.5847177 -0.4155777 0.1500314 0.680361
0.9896781 -0.05308376 -0.1201507 -0.05730192
0.9905152 0.03406168 -0.12472 -0.04652552
0.9991447 0.04087421 -0.003925299 -0.004875013
0.9912483 0.01195386 -0.1182249 0.05750512
0.9908273 0.03126253 -0.1170821 0.0597974
-0.9852013 -0.07949637 -0.1513472 -0.01235919
0.9867496 0 -0.06183726 0.1500046
0.9841666 0 -0.1314319 -0.118919
0.1410466 0.6347167 2.572842
0.9929314 0.01421621 -0.1177134 -0.005359764
-0.9949653 -0.03140192 0.09507353 0.004380723
-0.9774759 0.08939266 0.1765498 -0.07335042
-0.735669 0.07029632 0.1886707 -0.6467248
-0.7172043 0.06853198 0.1205702 -0.6829233
-0.5702243 0.09922672 0.09889081 -0.8094562
-0.8857421 -0.08463648 -0.03689418 0.4549025
0.4003896 0.03825894 -0.4237387 -0.8115848
-0.5786798 -0.4224469 0.156466 0.679843
0.9901744 -0.06155299 -0.1173865 -0.04456871
0.9909857 0.04670708 -0.121544 -0.0315124
0.9963046 0.05948183 -0.06155746 -0.007051653
0.9910944 -0.0294156 -0.1156907 0.05901404
0.991033 0.03141553 -0.1118541 0.06599735
-0.9850918 -0.06997615 -0.1559748 -0.01922429
0.9871776 0 -0.06337918 0.1465041
0.9848291 0 -0.1266488 -0.1186248
0.1559429 0.6316617 2.554528
0.9932448 0.01183204 -0.1153934 -0.003014457
-0.9951486 -0.03126036 0.09321595 0.00359499
-0.9779669 0.09043453 0.165466 -0.08957297
-0.7983083 0.07477777 0.1561865 -0.576817
-0.6466238 0.06056944 0.1646247 -0.7423664
-0.6214477 0.1005262 0.1352435 -0.7651188
-0.8856586 -0.08295991 -0.03793824 0.4552881
-0.5383468 -0.0504271 0.08012822 0.8373884
-0.6276522 -0.1962971 -0.04151402 0.7521946
0.9811884 -0.1586016 -0.1100352 -0.002643178
0.9920818 0.06048834 -0.1079351 0.02155781
-0.9952893 -0.09394179 0.02133183 0.01091385
0.9920101 -0.03023809 -0.1152499 0.04146321
0.9921617 0.02476916 -0.1127757 0.04778477
-0.9876727 -0.03931401 -0.1514545 -0.004317456
0.9871792 0 -0.08047438 0.1378443
0.9877996 0 -0.103859 -0.11604
0.1679499 0.6285462 2.528949
0.9934236 0.02116703 -0.1125232 -0.0003876028
-0.9946005 -0.04035015 0.09560839 -0.0009359596
-0.9806064 0.0849333 0.1519848 -0.08999032
-0.8327389 0.08004906 0.1831585 -0.5163245
-0.6162457 0.05923812 0.2141247 -0.7555678
-0.6622083 0.1056791 0.1663402 -0.7229406
-0.8954274 -0.08607514 -0.001372327 0.4368054
-0.5721508 -0.0549994 0.3009558 0.7609495
0.3115251 0.5033993 -0.1495727 -0.7919404
0.9656792 -0.2402796 -0.09700321 0.01788569
0.994976 -0.01712839 -0.09050298 0.03922664
-0.9997623 -0.004962823 0.0212292 0.000562086
0.9932676 -0.01525197 -0.1125055 0.02301168
0.9929815 0.02830052 -0.1113887 0.02792101
-0.9949889 -0.03625063 -0.09309334 0.004105982
0.9868152 0 -0.08335186 0.138738
0.9870842 0 -0.1054967 -0.1205623
0.1697271 0.6231757 2.489124
0.9926908 0.03490004 -0.115357 0.006306019
-0.9925998 -0.0551475 0.1079227 -0.007555769
-0.9752067 0.09863628 0.1669638 -0.1066113
-0.8418515 0.09153198 0.2195045 -0.4844851
-0.5771192 0.06274843 0.2771364 -0.7656314
-0.7343401 0.1040177 0.1836963 -0.6451206
-0.9014383 -0.09801067 0.08329853 0.4133573
-0.5146383 -0.05595506 0.5384327 0.6649112
0.1375641 0.2761008 -0.4556238 -0.8350161
0.9446974 -0.3133405 -0.09632868 0.00925089
0.989431 -0.1079893 -0.09223866 0.02927155
-0.9946587 0.09208888 -0.04538149 -0.01070143
0.9931972 0.01390434 -0.1154159 0.006721303
0.9922242 0.04609974 -0.1151372 0.01045993
-0.9979261 -0.04501626 -0.04571414 0.00523115
0.9859621 0 -0.09074113 0.1401602
0.9848409 0 -0.1232385 -0.1220684
0.1584322 0.612033 2.424259
0.9877235 0.04860318 -0.1476144 0.01581924
-0.9877781 -0.06792613 0.1394073 -0.01569456
-0.9724731 0.1075006 0.1755099 -0.1092531
-0.8347675 0.1178124 0.2657282 -0.4676238
-0.5359187 0.07563528 0.3381849 -0.7698711
-0.7990801 0.0918042 0.1806511 -0.566046
-0.8816432 -0.1244281 0.212969 0.4023272
-0.408621 -0.07612123 0.8224632 0.3883153
0.1647152 0.08719863 -0.8616367 -0.4720674
0.9227263 -0.3627567 -0.1294028 -0.01546238
0.9747384 -0.1813873 -0.1299888 0.009331595
-0.9680234 0.1749 0.177927 -0.02613857
0.9875508 0.05292558 -0.1475886 -0.01264858
0.9846203 0.09263077 -0.1479781 -0.006698014
-0.9549751 -0.09071124 0.2821528 0.01355671
0.9843104 0 -0.09934431 0.1458208
0.9732693 0 -0.1807225 -0.1417263
0.1204595 0.6040077 2.324014
0.9804255 0.05506805 -0.1874945 0.02406943
-0.9812856 -0.06775874 0.1790591 -0.0206218
-0.9692619 0.1179885 0.1852313 -0.1109033
-0.8176962 0.1492083 0.3169922 -0.4567559
-0.502691 0.09172805 0.3989934 -0.7613751
-0.8495736 0.115417 0.112803 -0.5021749
-0.8434635 -0.1539102 0.3403351 0.3860741
-0.2930527 0.1372001 0.8016398 0.5026634
0.3389865 -0.1035802 -0.7831398 -0.5109331
0.911425 -0.3750497 -0.1670514 -0.02713548
0.9608217 -0.2194979 -0.1692391 0.0008045325
-0.879566 0.2168707 0.4233936 -0.008304175
0.9757857 0.1241161 -0.1787945 -0.02168535
0.9705423 0.1600319 -0.1794728 -0.0150742
-0.9164041 -0.1540381 0.3682503 0.02945791
0.979775 0 -0.113469 0.1648206
0.954189 0 -0.2450205 -0.1717217
0.05048247 0.6118472 2.204767
0.9722151 0.04583156 -0.22868 0.02006954
0.9712342 0.06227257 -0.2292653 0.0162412
0.961943 -0.1367508 -0.2153436 0.09793908
-0.7500752 0.1770593 0.3665521 -0.5212263
-0.531508 0.1254654 0.4568498 -0.7021723
-0.7749096 0.1829216 0.2690116 -0.5419295
-0.8061932 -0.1903063 0.4145741 0.3767817
0.2960436 0.01011364 -0.9328082 0.2052431
0.3165176 -0.1622725 -0.9027434 0.2419473
0.926595 -0.3156988 -0.2039545 -0.01261225
0.9454443 -0.2537304 -0.2043421 0.0009032232
-0.8565899 0.2453139 0.4533359 -0.02370186
0.9656773 0.1358368 -0.2213593 0.004017762
0.9254958 0.3073138 -0.2170266 0.04376721
0.8384982 0.299164 -0.4549274 -0.02151856
0.9716924 0 -0.144739 0.1867203
0.9334021 0 -0.3052257 -0.1886737
-0.02649408 0.6381398 2.071757
0.9688895 0.02349126 -0.2457473 0.01759712
0.9680369 0.0397695 -0.247322 0.01244782
-0.9654157 0.134874 0.2003372 -0.09821653
-0.7070217 0.1806355 0.4002796 -0.5543172
-0.5717472 0.1460745 0.5114869 -0.6246188
-0.7146757 0.2246734 0.3796205 -0.5428158
-0.8011052 -0.2046727 0.3871793 0.4079605
0.2074699 0.243891 -0.629783 0.7077053
-0.4590209 -0.02587568 0.4781549 -0.7483303
0.9564381 -0.1680932 -0.2385946 0.006597129
0.9582986 -0.15714 -0.2385035 0.009326365
-0.9084728 0.1540424 0.3865509 -0.039071
0.9684238 0.01588348 -0.2456292 0.03961531
0.9455757 0.2097226 -0.2326992 0.08805772
0.9059301 0.2410261 -0.3474473 0.02184924
0.967609 0 -0.1551904 0.1991203
0.9279035 0 -0.3233708 -0.1855438
-0.105979 0.6674393 1.942056
0.9727899 -0.01235151 -0.2313021 0.005160673
-0.9760011 -0.005396935 0.2176968 0.0008782314
-0.9622316 0.1134588 0.2251415 -0.1027067
-0.7215624 0.1609441 0.4390586 -0.5105608
-0.5752338 0.1283055 0.4646136 -0.6608919
-0.5655624 0.5364321 0.200256 -0.5935298
-0.8041408 -0.1793631 0.3566441 0.4404446
0.3779581 0.1001451 -0.9005296 0.1901713
0.4521067 0.09383338 -0.8656698 0.1934184
0.9724685 -0.01454501 -0.2312257 0.02506435
0.9724685 -0.01454501 -0.2312257 0.02506435
-0.9021033 0.01196931 0.4313447 -0.00284628
0.9633312 -0.1400042 -0.2185908 0.06789865
0.9456269 0.23108 -0.1772356 0.1448437
0.9089628 0.273971 -0.3058445 0.07201447
0.9712667 0 -0.1349047 0.1960655
0.9425408 0 -0.2836933 -0.1764508
-0.1543559 0.6823035 1.820952
0.9781422 -0.02143369 -0.2067642 0.005204066
0.9745803 -0.008180578 -0.2238877 -0.0008553658
0.9534257 -0.1039552 -0.2654342 0.0985774
-0.7367283 0.1692463 0.4416653 -0.4832381
0.5240722 -0.273675 0.4510598 0.6685774
-0.346083 -0.01170992 -0.4702488 -0.8117613
-0.852831 -0.1959182 0.2732422 0.3995423
0.4291789 0.1906998 -0.8692929 0.1541716
-0.4956977 -0.1912195 0.8313516 -0.1630144
0.9705691 0.138702 -0.1958525 -0.01998466
0.9705691 0.138702 -0.1958525 -0.01998466
0.9543256 0.04013118 -0.2954662 -0.01876234
0.9663283 -0.1540456 -0.1919706 0.07501541
0.9407719 0.2691998 -0.1422143 0.1491815
-0.9059258 -0.2939681 0.299893 -0.05427498
0.9681122 0 -0.1666991 0.1870029
0.9492695 0 -0.2622425 -0.1735404
-0.1984975 0.6763772 1.700861
0.9657585 -0.04325106 -0.2558084 -0.001410702
-0.9706203 0.02281279 0.239424 0.007203606
0.9374127 -0.101895 -0.318342 0.09763762
-0.7287861 0.1797703 0.4136846 -0.515188
0.539852 -0.3414225 0.4561217 0.6196321
-0.3005598 -0.09132957 -0.5102296 -0.8006181
-0.8642133 -0.2131762 0.3199873 0.3244988
0.4039088 0.2081673 -0.8754219 0.1648047
-0.6462327 -0.2112067 0.7027546 -0.2095498
0.9534293 0.1829698 -0.2299443 -0.06797392
0.9534293 0.1829698 -0.2299443 -0.06797392
-0.9830636 -0.09594058 0.1542863 0.02402668
0.9474494 -0.208603 -0.2292159 0.07927568
0.9372809 0.2503601 -0.1671042 0.1757862
0.9061939 0.2961457 -0.2838485 0.1026668
0.9669688 0 -0.1649709 0.1943091
0.9416275 0 -0.2906977 -0.1698012
-0.231372 0.6794029 1.563195
0.9554188 -0.06028754 -0.2890308 0.001267436
-0.9651269 0.04646755 0.2574906 0.008350038
0.9207137 -0.1232598 -0.3534139 0.1104173
-0.6944446 0.1852739 0.4610165 -0.5204653
-0.6213171 0.1657639 -0.1572656 -0.7495032
-0.3906095 0.5129498 -0.4061767 -0.6475551
-0.8508185 -0.2269936 0.3796983 0.2835684
0.4036884 0.2205719 -0.8682534 0.1857949
-0.5415971 -0.1840807 0.7900388 -0.2205122
0.9543545 0.09513228 -0.2784664 -0.05112714
0.9512627 0.1222369 -0.2798079 -0.0431865
0.8998468 0.05983371 -0.4302295 -0.03997773
0.9449233 -0.1595285 -0.2722667 0.08684226
0.9463845 0.1506177 -0.2302712 0.169251
0.8411814 0.2826337 -0.442831 0.1281912
0.96686 0 -0.1323428 0.2183282
0.9148976 0 -0.3493536 -0.2022731
-0.2491113 0.6849936 1.451436
0.9375247 -0.06843351 -0.3406345 0.01822978
-0.9422342 0.05045711 0.3310325 -0.008142577
0.9029369 -0.1509171 -0.3815108 0.1279785
-0.695448 0.2443298 0.4325987 -0.5191468
0.6059406 0.1316991 0.4706603 -0.6276705
-0.3952681 -0.3773173 -0.6770026 0.4930137
-0.8152146 -0.286407 0.4421793 0.2405694
0.2409893 0.1551524 -0.8970259 0.3364468
0.3000696 0.07836375 -0.8808473 0.3576667
0.9301584 -0.07701027 -0.3495891 -0.08162213
0.8954767 0.2631476 -0.3555263 0.04975709
-0.8387501 -0.203139 0.5022798 0.05429164
0.9339492 -0.08119141 -0.3351689 0.09385499
0.9374347 -0.008320682 -0.3268557 0.1196339
0.8222352 0.1181096 -0.5413239 0.1301844
0.9514126 0 -0.1525206 0.2674915
0.8758901 0 -0.4389611 -0.200324
-0.2752634 0.6883876 1.35371
0.8967243 -0.06384185 -0.4359677 0.04173578
-0.9159434 0.05187241 0.3969263 -0.02839415
0.9000423 -0.1569965 -0.3887241 0.119036
-0.653187 0.2682569 -0.4173054 -0.5720499
-0.1450986 0.2450142 -0.9179487 -0.2761969
-0.43475 0.5653278 -0.6109657 -0.3436831
-0.6849927 -0.2813192 0.6411716 0.2013539
0.1179881 0.09303091 -0.8932363 0.4237369
0.3478942 0.07689287 -0.8245092 0.4395929
0.8725447 -0.2125231 -0.4381586 -0.03894617
0.8387302 0.320986 -0.3826626 0.216954
-0.7428823 -0.3285165 0.5817183 -0.0425045
0.8962829 -0.04802335 -0.4403911 -0.02064952
0.8962829 -0.04802335 -0.4403911 -0.02064952
0.7548646 0.04256556 -0.65428 0.01689402
0.9184949 0 -0.2076511 0.3365237
0.8678927 0 -0.4596729 -0.1883165
-0.3349155 0.7033507 1.282454
0.8695397 -0.0680625 -0.4877281 0.03727684
-0.8911855 0.05325779 0.449647 -0.02774302
0.8969728 -0.1551643 -0.3977449 0.1147298
-0.6400647 0.2439515 -0.6007685 -0.4121676
-0.2061546 0.1768926 -0.9246666 -0.2668353
-0.4225801 -0.2809058 -0.8280857 -0.2383112
-0.5202583 -0.198289 0.7950547 0.240626
0.1463401 0.05838152 -0.9011017 0.4039703
0.2476995 0.1506678 -0.8733878 0.3913288
0.8531535 -0.2110901 -0.4763737 0.02526148
0.8378494 0.2654021 -0.3931007 0.2702627
-0.7386985 -0.2898014 0.5989821 -0.1075177
0.8697337 -0.05483114 -0.4853987 0.07032111
0.869095 0.06416423 -0.4712936 0.1357916
-0.7249398 -0.06417815 0.6854221 -0.02324126
0.9136909 0 -0.1503716 0.3775676
0.8769423 0 -0.4437543 -0.1845381
-0.3598973 0.7223155 1.203897
0.8427982 -0.05041959 -0.5323706 0.06107922
-0.8667768 0.03396363 0.4949621 -0.05056694
0.8838627 -0.01067542 -0.3347011 0.3265702
-0.631851 0.2392691 -0.6495873 -0.3486419
-0.1446188 0.08703358 -0.9385493 -0.3010577
-0.4425422 -0.2468733 -0.825802 -0.24751
0.4607181 0.1744646 -0.8343102 -0.2474417
0.09490533 0.06379108 -0.9079506 0.4031741
0.3465092 0.1251745 -0.8299926 0.4187778
0.817138 -0.2271976 -0.5290911 -0.0270065
0.8344917 -0.1515157 -0.5293437 0.02149375
0.7127728 -0.1053005 -0.6902481 0.06651521
0.846843 0.04055228 -0.5238546 0.08239424
0.8423631 0.09597947 -0.5173265 0.1165581
-0.6883185 -0.09462416 0.7191921 0.005171234
0.9062775 0 -0.1752507 0.3846406
0.880065 0 -0.4205655 -0.2204776
-0.3350534 0.7294608 1.135153
0.8787248 -0.008185585 -0.46337 0.114298
-0.900721 -0.01591719 0.4217678 -0.102764
0.9141486 -0.1279558 -0.3746841 0.08701403
-0.6351568 0.2272497 -0.6136843 -0.4102744
-0.03281858 0.1483572 -0.9384851 -0.3100951
0.3930604 -0.1581321 -0.8289191 -0.3652279
0.4654035 0.1665145 -0.8085191 -0.3193264
0.1314517 0.115998 -0.9096276 0.3766201
0.1175875 0.1129002 -0.9122977 0.3756856
0.8221226 -0.2775839 -0.4892288 -0.08784724
0.8374853 -0.227061 -0.4936665 -0.05792528
-0.8100156 0.1619308 0.5634858 -0.01171012
0.8695368 -0.0937873 -0.4842678 -0.02438574
0.8720639 -0.06629375 -0.4847963 -0.009087736
-0.745405 0.0523662 0.6639782 -0.02761378
0.911569 0 -0.1804036 0.3694543
0.8845559 0 -0.3957815 -0.2468154
-0.3480443 0.7231473 1.062343
0.8809836 0.01685847 -0.4528925 0.1359123
-0.9013822 -0.02797319 0.4118733 -0.130721
-0.9172029 0.1207433 0.3670917 -0.09697246
-0.583408 0.1957364 -0.636312 -0.4652198
-0.02082857 0.05726244 -0.9528616 -0.2972238
-0.2308698 0.3838235 0.8357567 0.3176314
0.4712609 0.1581105 -0.7958071 -0.3458403
0.2362754 0.3634691 -0.8507024 0.2972703
0.226012 0.4393723 -0.829394 0.2607227
0.8134966 -0.2764922 -0.4973106 -0.1202405
0.8161921 -0.2684309 -0.4984758 -0.1153148
0.8520084 -0.2129094 -0.4763052 -0.04341616
0.8330184 -0.2289204 -0.4947856 -0.09414423
0.8359212 -0.2180823 -0.4959666 -0.08771028
-0.7995482 0.1816984 0.5721241 -0.01956095
0.9233914 0 -0.1598548 0.3489911
0.8794414 0 -0.3882065 -0.2754606
-0.394923 0.6989906 1.06454
0.9049178 0.06059634 -0.4079812 0.1048961
-0.9205056 -0.08606171 0.3641662 -0.1124543
-0.8914905 -0.04356428 0.2802917 -0.3532469
-0.52146 0.163951 -0.6771196 -0.4926548
-0.313047 0.2769585 -0.8461807 -0.3305659
-0.3090235 -0.248422 -0.8290079 -0.394382
0.4113728 0.1293388 -0.8482547 -0.3074211
0.2684216 0.4146672 -0.8460115 0.2006626
0.2292291 0.3873782 -0.8708094 0.1976952
0.7336969 -0.6086226 -0.2884049 -0.08994637
0.7336969 -0.6086226 -0.2884049 -0.08994637
-0.6794032 0.5731384 0.435948 -0.1409722
0.7579632 -0.5602324 -0.322146 -0.08862062
0.7579632 -0.5602324 -0.322146 -0.08862062
-0.690281 0.5267292 0.4777161 -0.1336267
0.9347645 0 -0.1211173 0.333985
0.8686156 0 -0.384978 -0.3119276
-0.3925019 0.6464575 1.042945
0.961808 0.06335557 -0.2325448 0.1297477
0.9517167 0.09657644 -0.2672051 0.1162321
0.9789473 -0.07434713 -0.1900876 0.001210508
-0.4807623 0.1349794 -0.7406388 -0.449558
0.2610448 0.1801632 -0.8976617 -0.3059418
-0.3797935 0.2926882 0.8671511 0.134685
0.3633053 0.102002 -0.8841205 -0.2755643
-0.5041239 0.344642 -0.7824131 -0.1221084
-0.4737952 0.2688999 -0.8219495 -0.166162
0.657166 -0.713406 -0.2289989 -0.0821263
0.6954513 -0.6761381 -0.2331736 -0.06939234
0.7942723 -0.5712594 -0.04127542 -0.2027093
0.6771463 -0.6908508 -0.2399195 -0.08146822
0.7122629 -0.6545864 -0.2438426 -0.06884176
-0.672449 0.6104531 0.38305 -0.1686192
0.9464487 0 -0.1085794 0.3040484
0.8780196 0 -0.3411627 -0.3356925
-0.3832674 0.6206205 1.041351
0.9595193 0.07980459 -0.2368524 0.1298264
0.9547602 0.1104614 -0.2518668 0.113112
-0.7487935 -0.5847769 0.1989601 -0.2403313
-0.4534054 0.1196087 -0.7604622 -0.4492377
0.2754786 0.2293436 -0.8798206 -0.3121356
-0.6622084 0.0930645 0.7124956 0.2125304
0.3051793 0.08050655 -0.9429457 -0.1060082
-0.4609596 0.323205 -0.8237028 0.06759002
-0.4100952 0.2871121 -0.8630278 0.06761157
0.6551362 -0.7228192 -0.2078198 -0.07169499
0.7036248 -0.6757094 -0.2122863 -0.05712942
-0.6731812 0.6262722 0.3482721 -0.1825293
0.6707579 -0.7058613 -0.2166173 -0.07014716
0.7022016 -0.6745883 -0.2195866 -0.06021138
-0.6700243 0.6265754 0.355208 -0.1797168
0.9583188 0 -0.07778374 0.2749087
0.8680732 0 -0.3430665 -0.3588236
-0.3388361 0.5980257 1.009781
0.9725856 0.03485884 0.1411104 0.1815215
-0.9815376 -0.03283156 -0.09775761 -0.1610893
-0.7248321 -0.5391741 -0.4162347 -0.1032399
0.4433982 0.02964126 0.8533504 0.2726034
-0.4140956 0.230646 -0.2242381 0.8514956
-0.2170972 0.6755337 -0.06077976 0.7020182
-0.4147387 0.02772537 0.8967823 0.1516734
0.0885435 -0.2972302 0.9438899 0.1135177
-0.09705037 -0.1091302 0.982724 0.1136908
0.6542028 -0.7137526 -0.2421305 0.06284043
0.7226392 -0.6443732 -0.2345869 0.08686236
-0.7027231 0.7093018 0.001249177 0.05540643
0.5139856 -0.7929217 -0.3185698 0.07488539
0.5179558 -0.7903339 -0.3181902 0.07648216
-0.5346354 0.8268127 0.1282154 0.1187731
0.9622294 0 -0.08764257 0.2577467
0.9623696 0 0.193726 -0.1905653
-0.330998 0.5883769 1.003701
0.9577169 0.02133682 0.22151 0.1823634
-0.9700885 -0.02358571 -0.179685 -0.1615094
-0.7114569 -0.477844 -0.5032927 -0.1104114
0.4127663 0.03445501 0.8946302 -0.167552
0.614964 -0.4610132 0.07631426 -0.6351867
-0.2424387 0.3888674 0.1405696 0.8776364
0.5246824 -0.04379703 -0.7846743 -0.3272255
0.1417218 -0.2742817 0.9409523 0.1388999
0.1603919 -0.2769899 0.9364776 0.1433898
0.6497355 -0.7256718 -0.1691 0.1504976
0.6624582 -0.7140763 -0.1664139 0.1534625
-0.6177425 0.7848586 -0.04814183 0.008572869
0.6241162 -0.743125 -0.0840841 0.2262172
0.6512737 -0.7194431 -0.07562809 0.2291827
0.6647968 -