0.09990521 0.6338975 2.585828
0.1079376 0.9462364 2.617741
0.1146675 1.25004 2.636435
0.1069415 1.397125 2.628464
-0.03890797 1.115419 2.623823
-0.1058337 0.8502496 2.606919
-0.1330241 0.6371371 2.531772
-0.1130619 0.6034873 2.505691
0.2627209 1.130483 2.592284
0.3105428 0.8842379 2.571542
0.3066396 0.6715381 2.483054
0.2822267 0.6616898 2.485041
0.02190087 0.6390032 2.557179
0.005532224 0.3246399 2.540146
0.007830302 0.09310593 2.547351
0.01743381 0.09122598 2.48388
0.1750336 0.639341 2.540605
0.2043628 0.2891408 2.523842
0.2042791 0.05913667 2.532728
0.2295277 0.05720956 2.483089
0.1132009 1.175227 2.634212
-0.06611921 0.5334383 2.487762
-0.07472477 0.6339465 2.487748
0.2869186 0.5923586 2.476406
0.2483159 0.6742517 2.464024
0.0998679 0.6338982 2.585817
0.1078182 0.9461855 2.617707
0.1144334 1.249925 2.636302
0.1068292 1.397087 2.628363
-0.03909842 1.115379 2.623693
-0.1059185 0.8504651 2.60679
-0.1333101 0.6373217 2.531616
-0.1118504 0.5992055 2.504206
0.2626224 1.130463 2.592231
0.3104151 0.8840508 2.5714
0.3064404 0.6714491 2.482809
0.2818163 0.6611831 2.484487
0.02185456 0.6390036 2.557132
0.005246506 0.3245297 2.539933
0.007731373 0.09305873 2.547266
0.01758232 0.09115875 2.483957
0.174996 0.6393405 2.540604
0.2042623 0.288544 2.523885
0.2041533 0.05856913 2.532645
0.2290832 0.05667226 2.483161
0.1129889 1.175123 2.634108
-0.06108917 0.5302882 2.487326
-0.07332543 0.6321068 2.485428
0.2865511 0.5920724 2.476296
0.248114 0.6741363 2.463811
0.09981679 0.6338941 2.58579
0.1076867 0.946129 2.617654
0.1142047 1.249811 2.636157
0.1067034 1.397048 2.628256
-0.03930815 1.115329 2.623534
-0.1060274 0.8506131 2.60665
-0.1335648 0.6374294 2.53146
-0.1112523 0.5969107 2.503411
0.2625068 1.130426 2.592157
0.3102696 0.8838538 2.571235
0.3062355 0.6713523 2.482558
0.2814978 0.6607889 2.484064
0.02179369 0.6389984 2.557071
0.00482926 0.324275 2.539693
0.007590373 0.09298576 2.547151
0.0176313 0.09107062 2.484041
0.174945 0.6393346 2.540585
0.2041676 0.2879949 2.523915
0.2040149 0.05804903 2.532537
0.2286696 0.05618388 2.483232
0.1127771 1.175019 2.633989
-0.05781462 0.5278848 2.48725
-0.07310548 0.6314074 2.485233
0.2859641 0.59178 2.475763
0.2479562 0.6740226 2.463647
0.09973171 0.6338781 2.585737
0.1075484 0.9460705 2.617594
0.1140037 1.249716 2.636029
0.1065509 1.396999 2.628125
-0.03951858 1.115276 2.623364
-0.1061466 0.8507689 2.606497
-0.1338884 0.6376301 2.531062
-0.1102391 0.5952119 2.502195
0.2623461 1.130358 2.592043
0.3101084 0.8836743 2.571083
0.3059419 0.6713 2.48213
0.2804174 0.6614274 2.481661
0.0217025 0.6389832 2.556997
0.00454016 0.3241914 2.539509
0.007488564 0.09303676 2.547067
0.01745543 0.09110437 2.484073
0.1748548 0.6393123 2.540521
0.2040375 0.287289 2.523937
0.2038402 0.05738915 2.532414
0.2280366 0.05555797 2.483315
0.112584 1.174927 2.633877
-0.056018 0.5268056 2.487319
-0.07673098 0.6285446 2.490172
0.2826841 0.5964122 2.467143
0.2469553 0.6757619 2.462141
0.09958417 0.6338543 2.585639
0.1073818 0.946004 2.61751
0.1138081 1.249622 2.635893
0.1063656 1.396937 2.627973
-0.0397359 1.115219 2.623193
-0.1066057 0.8518212 2.606659
-0.1156366 0.6562493 2.498744
-0.0893816 0.6248237 2.476757
0.2621406 1.130259 2.591896
0.309975 0.8835882 2.571044
0.2857105 0.6863437 2.455556
0.2560282 0.6756134 2.449331
0.02154452 0.6389588 2.556881
0.00406394 0.3235677 2.53936
0.007328886 0.09270268 2.546939
0.0175983 0.09079126 2.484299
0.1747108 0.6392841 2.540411
0.2039072 0.2865907 2.523952
0.2036456 0.05670249 2.532285
0.2270512 0.05490341 2.483386
0.1123896 1.174835 2.633755
-0.04779257 0.5682539 2.466298
-0.08712566 0.6231301 2.466827
0.2454143 0.6313735 2.43546
0.2261504 0.6958324 2.433065
0.09934493 0.6338692 2.585501
0.1072014 0.9459487 2.617412
0.1136367 1.249538 2.635761
0.1061285 1.396862 2.627792
-0.04010643 1.11519 2.623133
-0.1098039 0.863575 2.610029
-0.03993418 0.718018 2.445969
-0.03319123 0.6663967 2.453934
0.26201 1.130181 2.59182
0.3106394 0.887153 2.570942
0.2446726 0.7366815 2.41611
0.1962162 0.7045614 2.427218
0.02128925 0.638981 2.556723
0.003471791 0.3230697 2.539247
0.007121759 0.09246614 2.546807
0.0175044 0.09058332 2.484357
0.1744886 0.6392874 2.540267
0.2037989 0.2860627 2.523959
0.2034277 0.05616153 2.532171
0.2263544 0.05437967 2.483327
0.1122124 1.174753 2.633632
-0.01943763 0.6108654 2.438909
-0.05856026 0.6360592 2.444382
0.1718316 0.6558621 2.410122
0.156755 0.7550543 2.410093
0.09888367 0.6340569 2.585335
0.1069907 0.9459356 2.617305
0.1134905 1.249471 2.635636
0.1057974 1.396765 2.627558
-0.04136501 1.11514 2.623496
-0.1203245 0.8878354 2.609843
0.005664474 0.8002855 2.416936
0.02152465 0.7739836 2.43947
0.261971 1.130123 2.591779
0.3272162 0.9037065 2.566535
0.2023334 0.801836 2.394882
0.1589299 0.7807194 2.415445
0.02083208 0.6391896 2.556596
0.002997514 0.3232164 2.53925
0.006915316 0.09277269 2.546678
0.01690422 0.0909219 2.483991
0.1740216 0.6394703 2.540026
0.2037285 0.285791 2.523976
0.2032726 0.05587386 2.532088
0.2259684 0.05410627 2.483264
0.1120543 1.17469 2.633515
0.03262589 0.770176 2.43071
-0.004101246 0.7385156 2.429526
0.1280964 0.7673324 2.40781
0.1374407 0.8310435 2.398749
0.0983642 0.6343322 2.585186
0.1067779 0.9459575 2.617206
0.113377 1.249425 2.635529
0.1053245 1.39665 2.627281
-0.04394227 1.115104 2.624539
-0.123942 0.8944267 2.60144
0.03241128 0.8485036 2.385829
0.05666097 0.8460816 2.430949
0.2619849 1.130079 2.59175
0.3417335 0.9160655 2.558497
0.1793179 0.8387656 2.387892
0.1432365 0.8160459 2.411799
0.02033526 0.6395017 2.556515
0.002257733 0.3251098 2.539447
0.006506298 0.09449194 2.546456
0.01565732 0.09270864 2.482238
0.1734846 0.6397244 2.539781
0.203617 0.2859147 2.524005
0.2030865 0.05586889 2.53205
0.2264259 0.05409718 2.482926
0.1119237 1.174651 2.633412
0.05341049 0.856836 2.41457
0.03829059 0.8192855 2.412663
0.1099558 0.8240261 2.409779
0.1294667 0.8738139 2.393079
0.0977466 0.6346606 2.585083
0.1065584 0.9459994 2.617104
0.1132873 1.249396 2.635401
0.1047353 1.396533 2.626973
-0.04696336 1.115074 2.625707
-0.1311573 0.9028334 2.598177
0.004597213 0.8376282 2.399543
0.0447458 0.7951422 2.463668
0.2621347 1.130039 2.591716
0.3572504 0.9262058 2.553464
0.1757979 0.8579093 2.388044
0.1330337 0.8308146 2.413749
0.01976385 0.6398497 2.556498
0.001633604 0.3271962 2.539721
0.006094994 0.09633202 2.546277
0.01422629 0.09462496 2.480633
0.1728337 0.6400406 2.539575
0.2034983 0.2859845 2.524068
0.2028866 0.05570532 2.532096
0.2271393 0.05391425 2.482566
0.1118093 1.174628 2.633298
0.07988726 0.8025604 2.448814
-0.0004316587 0.7504964 2.428677
0.1135771 0.773017 2.427424
0.1104375 0.8951013 2.413963
0.09683616 0.6350927 2.585155
0.1063254 0.9460759 2.617012
0.1132491 1.249417 2.635207
0.1039449 1.396419 2.626523
-0.05029273 1.115102 2.626834
-0.1367606 0.9079351 2.596346
0.01231187 0.8521609 2.403935
0.06744444 0.8376484 2.411074
0.2623846 1.13003 2.591659
0.3613336 0.9297907 2.549517
0.1592867 0.8750095 2.392259
0.1265863 0.8457169 2.41613
0.01887787 0.6403047 2.556792
0.001052388 0.3292177 2.539982
0.005704125 0.09778655 2.546146
0.01390284 0.09618028 2.479649
0.1719014 0.640457 2.539447
0.2033567 0.2861388 2.524141
0.2026744 0.05569592 2.532165
0.2274352 0.05388862 2.482364
0.1117229 1.174644 2.633161
0.1039143 0.855758 2.39939
0.02975023 0.7957696 2.388627
0.09913973 0.8401191 2.427456
0.1096156 0.9035229 2.417278
0.09521703 0.635734 2.585764
0.106051 0.9461986 2.616934
0.1133087 1.249536 2.634837
0.1029855 1.396311 2.625897
-0.05403423 1.115799 2.627816
-0.1450089 0.9129509 2.596099
0.002678285 0.8448368 2.421914
0.05397442 0.8343745 2.444193
0.2626846 1.130038 2.591595
0.3613652 0.9309557 2.544448
0.1516167 0.880061 2.395839
0.1185538 0.8463809 2.428622
0.01722706 0.641011 2.557929
0.0006140426 0.3309967 2.540207
0.005334397 0.09901214 2.546037
0.01393683 0.09749616 2.478745
0.1703388 0.6410303 2.539629
0.203153 0.2867198 2.524215
0.2023828 0.0559707 2.53227
0.2278311 0.05413458 2.482108
0.1116668 1.174719 2.632951
0.09449375 0.8263798 2.438917
-0.01154096 0.7591993 2.444835
0.07958485 0.8084379 2.447353
0.07909705 0.9019326 2.439353
0.0933012 0.6365014 2.587025
0.1057425 0.9463764 2.616905
0.113442 1.249746 2.63426
0.101847 1.396208 2.624965
-0.05932315 1.117356 2.629112
-0.1487463 0.9150517 2.595363
-0.005857569 0.8245839 2.437819
0.04086536 0.826843 2.470199
0.263096 1.130086 2.591505
0.3601256 0.9310557 2.539097
0.1568451 0.8640971 2.398487
0.1132241 0.8372927 2.444225
0.01532906 0.6418977 2.559896
0.0002643954 0.3327063 2.540388
0.0050449 0.1001762 2.545957
0.01419076 0.09873195 2.477796
0.1684746 0.6416675 2.540308
0.2029376 0.2874584 2.524273
0.2021457 0.05639667 2.532371
0.2283013 0.05453603 2.481837
0.111635 1.174857 2.632658
0.08932412 0.8293414 2.450737
-0.02597085 0.7458425 2.470082
0.07485773 0.7866159 2.456188
0.07384992 0.8839086 2.449541
0.09121154 0.6373011 2.589225
0.1053971 0.9466016 2.61692
0.1136382 1.250103 2.633324
0.1004288 1.39609 2.623511
-0.06458675 1.118967 2.630144
-0.1707856 0.9228695 2.603142
-0.01923509 0.8156401 2.457383
0.03135501 0.822468 2.486976
0.2642137 1.130274 2.591349
0.361687 0.9319952 2.537151
0.1903223 0.8328646 2.403257
0.1266999 0.8139979 2.461744
0.01337541 0.6428345 2.563088
-1.979888E-05 0.3342589 2.540513
0.004776997 0.1012164 2.545893
0.01406395 0.09981058 2.476718
0.1663642 0.6423063 2.541701
0.2027602 0.2881043 2.524345
0.2018525 0.05670556 2.532523
0.2289339 0.05479704 2.481527
0.1116159 1.175093 2.63221
0.08010648 0.7928617 2.461351
-0.03635994 0.7322399 2.492383
0.09012596 0.7698225 2.463466
0.09797994 0.8584223 2.450274
0.08977757 0.6378423 2.592364
0.1050952 0.9468218 2.616971
0.1138957 1.25062 2.631571
0.09861878 1.395885 2.621246
-0.07151137 1.120731 2.631314
-0.1683398 0.8978747 2.619787
-0.1110088 0.659391 2.563696
-0.10734 0.6164168 2.578712
0.265936 1.130513 2.591056
0.3816726 0.9383112 2.547076
0.2427037 0.8058266 2.422558
0.1561402 0.7847537 2.480788
0.01246157 0.6433235 2.56736
-0.00024745 0.3356266 2.540538
0.004533977 0.1021506 2.545841
0.01390516 0.1007502 2.475738
0.1646254 0.6428072 2.54388
0.2025674 0.2887497 2.524392
0.2016011 0.05711604 2.532685
0.2291453 0.0551568 2.481172
0.111623 1.175443 2.631379
-0.1089925 0.5526105 2.563522
-0.154068 0.6007907 2.587893
0.1281576 0.7348089 2.467722
0.1250689 0.8289035 2.442483
0.08932466 0.6381281 2.595367
0.1048788 0.9470302 2.617033
0.1141464 1.251305 2.629377
0.09647815 1.39564 2.618248
-0.07737298 1.122091 2.632128
-0.1686123 0.8909335 2.629232
-0.1460009 0.6167837 2.635464
-0.1481888 0.5795345 2.645862
0.2677408 1.130708 2.590681
0.3853215 0.9365575 2.552904
0.2799346 0.7546239 2.458962
0.1933937 0.7322865 2.493537
0.01262348 0.6434805 2.571086
-0.0004458696 0.3369559 2.540426
0.004308323 0.1032101 2.545798
0.01272782 0.1017327 2.474058
0.1637211 0.6431422 2.546175
0.2023518 0.2895094 2.524421
0.2013364 0.05778778 2.532861
0.2291857 0.05577912 2.481059
0.1116749 1.175942 2.630194
-0.1573102 0.5144112 2.633919
-0.2031476 0.5704222 2.659381
0.1673987 0.6747956 2.46424
0.1509316 0.7821702 2.44586
0.08911081 0.6383665 2.597375
0.1046736 0.9472405 2.61702
0.1140907 1.25197 2.62638
0.09428294 1.395399 2.614856
-0.08185549 1.123349 2.632551
-0.1672166 0.8845713 2.639457
-0.1562172 0.6297253 2.692791
-0.158833 0.5801275 2.705868
0.2694321 1.13085 2.590147
0.3871362 0.9293304 2.569297
0.3447681 0.6805396 2.612969
0.3254046 0.639322 2.653115
0.01282162 0.6436245 2.573481
-0.0006623269 0.3378769 2.540159
0.00412421 0.1037729 2.545743
0.01105003 0.1021584 2.472115
0.1631704 0.6434234 2.547745
0.2019974 0.2903025 2.524366
0.2011358 0.05858381 2.533013
0.2290921 0.05653483 2.480891
0.1115471 1.176522 2.628216
-0.1608566 0.5206678 2.702346
-0.2048967 0.5848607 2.709298
0.3254446 0.573084 2.665597
0.2798809 0.6606272 2.613037
0.08899221 0.6386541 2.598474
0.1043383 0.947659 2.616754
0.1134343 1.252806 2.622846
0.09200506 1.39536 2.61133
-0.08535904 1.124706 2.632318
-0.1633628 0.8796514 2.650665
-0.1497617 0.6356951 2.713426
-0.1434374 0.5863295 2.721218
0.2706973 1.13105 2.589524
0.3872431 0.9282218 2.590367
0.3697835 0.6521561 2.694775
0.3575692 0.6139496 2.722094
0.01290938 0.6438336 2.57474
-0.0009641652 0.3389701 2.539846
0.003988273 0.1038361 2.545719
0.01107908 0.1020731 2.469155
0.1628578 0.6437618 2.548649
0.2006887 0.2934479 2.523587
0.2007505 0.06126225 2.533075
0.2291325 0.05910514 2.480103
0.1109668 1.177363 2.62546
-0.1480228 0.529305 2.721117
-0.1770023 0.6014603 2.713802
0.35059 0.5561894 2.726766
0.310785 0.6452544 2.660327
0.08894357 0.6390508 2.599102
0.1036772 0.9485616 2.615895
0.1121442 1.254009 2.618876
0.08888888 1.395576 2.606901
-0.08899315 1.12631 2.631222
-0.1594294 0.8767731 2.658602
-0.1451685 0.6405983 2.724231
-0.1430188 0.5899038 2.733645
0.2711518 1.13186 2.588187
0.3870339 0.9349233 2.606799
0.3176867 0.7223166 2.683576
0.3352035 0.6446038 2.724633
0.01301064 0.6441285 2.575428
-0.001443629 0.3398119 2.539548
0.003855482 0.1035661 2.545744
0.007911244 0.1015717 2.466234
0.1626755 0.6442829 2.549185
0.1994881 0.2963465 2.52275
0.2003793 0.06360335 2.533136
0.2293015 0.06129161 2.478851
0.1098263 1.178645 2.621974
-0.1419564 0.536853 2.731983
-0.172085 0.5993822 2.729832
0.3454591 0.5739571 2.745351
0.2993339 0.6622325 2.669012
0.08849603 0.6395393 2.599665
0.1010597 0.9499947 2.614542
0.1073126 1.255635 2.613674
0.08308642 1.396069 2.601592
-0.09409638 1.128204 2.629238
-0.1580562 0.8750491 2.66272
-0.1461762 0.6452151 2.733565
-0.1486986 0.5918711 2.731027
0.2702234 1.132797 2.586453
0.3847878 0.9400513 2.617309
0.3346782 0.6774207 2.72785
0.3501971 0.6157489 2.754209
0.01267168 0.6444722 2.575907
-0.003007479 0.3406713 2.539021
0.003438524 0.1033759 2.54576
0.004682592 0.1010968 2.464321
0.1620647 0.6449789 2.549845
0.198491 0.2979436 2.522212
0.2002101 0.06497804 2.533282
0.229295 0.06256438 2.477972
0.10561 1.180333 2.617451
-0.144357 0.5375046 2.728684
-0.1725717 0.6056396 2.725639
0.3292789 0.5824809 2.733258
0.2973675 0.6526857 2.679976
0.08673161 0.6401313 2.600416
0.09399583 0.951507 2.612995
0.09486998 1.256926 2.608022
0.07205474 1.396502 2.596039
-0.1035611 1.129572 2.62641
-0.1576042 0.8738925 2.665656
-0.1481532 0.6528372 2.723167
-0.1525585 0.5974787 2.717188
0.2637562 1.13421 2.583993
0.3757469 0.9446626 2.625322
0.3053209 0.6923925 2.706736
0.3243762 0.6302079 2.738413
0.01089448 0.6448117 2.576293
-0.00743407 0.3394104 2.537949
0.002223652 0.1029379 2.545681
0.003075072 0.1003016 2.463988
0.1602256 0.6458312 2.550922
0.1963387 0.2969922 2.521412
0.1999211 0.06490284 2.533522
0.2285203 0.06241931 2.477463
0.09476051 1.181744 2.612491
-0.1466616 0.5401875 2.718045
-0.1755914 0.6151446 2.703856
0.3110607 0.5894086 2.715898
0.2792712 0.6765911 2.664019
0.08004281 0.6412222 2.601074
0.07845301 0.9526649 2.611203
0.07319131 1.256382 2.603903
0.05357209 1.396294 2.591355
-0.1177808 1.129697 2.622827
-0.1600754 0.8732736 2.667304
-0.1540013 0.6536735 2.702035
-0.1565586 0.6041582 2.69304
0.2490152 1.135935 2.583443
0.3560593 0.949268 2.635205
0.2097606 0.7655237 2.655378
0.2448803 0.7344898 2.649317
0.003804277 0.644959 2.576251
-0.01355124 0.339874 2.536621
0.0005334746 0.10168 2.545503
-0.007224079 0.09814703 2.46306
0.1538886 0.6478041 2.552128
0.1732991 0.3011236 2.494516
0.1979548 0.07427996 2.51099
0.2129733 0.07142927 2.449259
0.07471307 1.181675 2.608474
-0.1448842 0.5469947 2.688202
-0.1838649 0.6044502 2.675061
0.2582283 0.6964252 2.659112
0.1973624 0.7699075 2.52043
0.06973281 0.6438824 2.600893
0.06083696 0.9545535 2.609751
0.04970254 1.255949 2.602563
0.03315536 1.396842 2.588519
-0.1335128 1.129614 2.618862
-0.228796 0.9163639 2.649116
-0.1603803 0.6567713 2.684389
-0.1602533 0.6087974 2.678842
0.2249105 1.140466 2.587952
0.3226525 0.955812 2.652174
0.1506605 0.7976271 2.631294
0.2057253 0.7855016 2.616245
-0.007181647 0.6458964 2.574101
-0.01903232 0.3408616 2.534732
0.002290952 0.05454244 2.54702
-0.0565896 0.04639854 2.459435
0.1436797 0.6523995 2.553713
0.1479146 0.3629032 2.432845
0.1684663 0.1406874 2.3764
0.1609682 0.1539319 2.321528
0.05279772 1.181865 2.606717
-0.1455013 0.5500323 2.673906
-0.1912073 0.604809 2.660138
0.2350176 0.7470852 2.645451
0.1839971 0.786814 2.508011
0.0546811 0.6471861 2.599862
0.04225219 0.9557766 2.609205
0.02952341 1.254774 2.603598
0.01280497 1.396521 2.58711
-0.1458044 1.128733 2.615921
-0.2684169 0.9367823 2.639361
-0.1639715 0.6574818 2.675
-0.1621843 0.610929 2.670966
0.2056188 1.144847 2.596812
0.3001026 0.962119 2.669914
0.1280918 0.8109552 2.621059
0.1900286 0.8069299 2.604147
-0.02263357 0.6467497 2.570075
-0.0228075 0.3364932 2.52879
-0.002114726 0.07585922 2.539345
-0.013587 0.07204399 2.467627
0.1291863 0.6580747 2.555458
0.1355341 0.4012084 2.335158
0.1727764 0.1921542 2.18819
0.1474097 0.2085686 2.158413
0.03292222 1.181238 2.607188
-0.1460208 0.549535 2.664161
-0.1953056 0.6038436 2.652207
0.2168285 0.7938661 2.637456
0.1698344 0.8055637 2.484674
0.04397397 0.6511118 2.596575
0.02987381 0.9568095 2.608537
0.01442487 1.25353 2.605388
-0.005063668 1.395754 2.586928
-0.154802 1.127649 2.614704
-0.2856296 0.9448135 2.635984
-0.1658149 0.6577888 2.66997
-0.1629824 0.6112946 2.667281
0.191122 1.14833 2.603857
0.2870504 0.9675609 2.681595
0.1132032 0.8199221 2.615402
0.1805785 0.8233965 2.602076
-0.0339919 0.6487392 2.563845
-0.008577239 0.3509278 2.508209
0.02457777 0.100544 2.507699
0.000438767 0.09740265 2.480679
0.1193523 0.6637349 2.554686
0.1371698 0.4883564 2.205702
0.2008352 0.2329083 1.904717
0.1662498 0.3132396 1.829224
0.01872407 1.180595 2.608183
-0.1430726 0.5483195 2.659793
-0.1977811 0.5915257 2.647888
0.1995051 0.8281834 2.62948
0.1675697 0.824318 2.514563
0.03809908 0.6573156 2.587773
0.02252872 0.9578438 2.607208
0.004473453 1.252488 2.606915
-0.01882194 1.394498 2.587097
-0.1612455 1.126476 2.614561
-0.2329469 0.8895558 2.663757
-0.1659581 0.6554064 2.669445
-0.161027 0.6047625 2.676436
0.1829053 1.150236 2.607682
0.2799981 0.9703637 2.687535
0.1068956 0.8234946 2.615583
0.1562305 0.7855265 2.639069
-0.04072824 0.653195 2.553194
0.003300701 0.3610401 2.49847
0.04638103 0.1221064 2.500511
0.06660551 0.1253822 2.457107
0.1148304 0.6714936 2.546982
0.1442703 0.6211102 2.086742
0.2214198 0.5204852 1.729192
0.1888808 0.4622767 1.738553
0.009856697 1.180151 2.608776
-0.1436188 0.5420977 2.670201
-0.1988913 0.5917181 2.657032
0.1660856 0.7995053 2.649006
0.1471136 0.7856448 2.568013
0.03567388 0.6653315 2.567323
0.01716217 0.9587181 2.603913
-0.002188674 1.251204 2.608044
-0.02817877 1.392539 2.587084
-0.1665466 1.124166 2.615857
-0.2243274 0.8750473 2.671002
-0.1511918 0.6552938 2.688874
-0.152794 0.5889534 2.697498
0.1772023 1.150979 2.609636
0.2749531 0.9720072 2.691373
0.1581163 0.8235776 2.535568
0.1654817 0.8109911 2.547759
-0.04515297 0.6613682 2.529123
0.03193473 0.352244 2.486425
0.06568073 0.1223342 2.504275
0.1094916 0.1250361 2.456248
0.1143297 0.6793421 2.528926
0.1435319 0.7464584 2.052725
0.234893 0.6927081 1.593343
0.2563023 0.6423275 1.603495
0.003973993 1.17954 2.60897
-0.138374 0.5311959 2.691156
-0.194378 0.5844262 2.679371
0.2103881 0.7898999 2.430865
0.2050181 0.8000361 2.52129
0.03283601 0.6704047 2.55276
0.01332967 0.9594263 2.59972
-0.00671361 1.249795 2.60903
-0.03460917 1.390223 2.586993
-0.1704328 1.12067 2.617428
-0.2341432 0.8818796 2.671664
-0.1432947 0.6870956 2.695832
-0.1481552 0.5939864 2.703373
0.1730122 1.151 2.61069
0.2720225 0.9725098 2.692533
0.2167431 0.8697795 2.46201
0.1860062 0.8319562 2.485993
-0.04977229 0.6674059 2.514511
0.04263352 0.351317 2.474524
0.06607512 0.1232399 2.507518
0.1287617 0.1224212 2.457321
0.1135685 0.6832812 2.514734
0.1419255 0.7847396 2.056261
0.1994912 0.82172 1.68905
0.2269249 0.7032516 1.681421
-0.0001496596 1.178859 2.609069
-0.1329492 0.530278 2.698764
-0.1927493 0.5939841 2.697081
0.1831719 0.8305627 2.41836
0.2131556 0.8156453 2.489205
0.03138504 0.6731412 2.542598
0.01078163 0.9597155 2.595025
-0.009944513 1.248142 2.609888
-0.03894181 1.388183 2.586984
-0.17285 1.117654 2.618446
-0.2470134 0.8912178 2.667451
-0.1382634 0.7009423 2.693149
-0.1445874 0.5994876 2.699178
0.1695489 1.150241 2.61066
0.2492114 0.9386385 2.680236
0.2436812 0.8830789 2.421598
0.2105716 0.8170878 2.406409
-0.05196505 0.6702421 2.504745
0.0472654 0.3515168 2.467559
0.07256413 0.1270036 2.504237
0.1379066 0.1260317 2.453218
0.1131395 0.6857255 2.50452
0.1438925 0.7745106 2.055103
0.212532 0.7489259 1.700358
0.2162596 0.6576588 1.707661
-0.003200273 1.177917 2.609033
-0.1268406 0.5302281 2.695501
-0.1907337 0.5939896 2.698139
0.2115602 0.8018215 2.342727
0.22617 0.8101404 2.411769
0.03124628 0.6739801 2.536888
0.00947037 0.9596454 2.591294
-0.01212812 1.246811 2.61042
-0.04173972 1.386708 2.587025
-0.1743463 1.115671 2.618821
-0.259447 0.9005985 2.659244
-0.1379903 0.6899156 2.677659
-0.1432853 0.5947879 2.68153
0.1681616 1.149445 2.609982
0.2582479 0.9456508 2.678371
0.2277026 0.8322195 2.448331
0.2092852 0.816614 2.390013
-0.05160002 0.6705332 2.498687
0.04505085 0.3678013 2.4595
0.07121438 0.1415107 2.495451
0.1243274 0.135306 2.417744
0.113084 0.6867797 2.499221
0.1560328 0.7192765 2.060232
0.1929506 0.5777927 1.774843
0.2576221 0.6047223 1.769858
-0.005294592 1.176991 2.608876
-0.1184777 0.5226693 2.671936
-0.1890769 0.5828146 2.670954
0.1934735 0.7901943 2.354577
0.1682657 0.8012997 2.382084
0.03379787 0.6740502 2.533989
0.009573963 0.9598576 2.588286
-0.01343565 1.246166 2.61055
-0.04344974 1.385982 2.58704
-0.17533 1.114506 2.61879
-0.2675906 0.9077019 2.649156
-0.144248 0.6639279 2.658662
-0.1456078 0.5907021 2.662874
0.1677321 1.148874 2.608884
0.2672099 0.9535335 2.676261
0.1751322 0.8803988 2.472208
0.1181315 0.8552252 2.419004
-0.04754547 0.6695858 2.495517
0.04044242 0.3754965 2.45833
0.06517399 0.1539886 2.486125
0.07988556 0.1448347 2.40008
0.114639 0.6874478 2.497005
0.1692252 0.6044444 2.089876
0.2521285 0.4333665 1.656596
0.2305313 0.4466466 1.64722
-0.006481481 1.176491 2.608508
-0.1163181 0.522261 2.653653
-0.1900092 0.5727929 2.645236
0.02694315 0.8113737 2.415637
0.02816828 0.9301248 2.451776
0.03753097 0.6741051 2.534033
0.01115657 0.960967 2.58567
-0.01256821 1.247033 2.609286
-0.04284386 1.386909 2.587019
-0.1753413 1.114335 2.61761
-0.2719164 0.9141789 2.641021
-0.1483603 0.6552263 2.649808
-0.1482463 0.5925668 2.653083
0.1684989 1.149375 2.606134
0.2774491 0.9637675 2.670686
0.1413621 0.8828583 2.505133
0.1140843 0.8635734 2.45574
-0.04228661 0.6687613 2.495705
0.03041417 0.3830489 2.462181
0.05128156 0.1596327 2.479893
0.03341011 0.1512053 2.394648
0.1173144 0.6882039 2.497688
0.1812189 0.5281907 2.148825
0.2262268 0.254855 2.016866
0.2126121 0.306415 1.905423
-0.005814649 1.177189 2.607002
-0.117266 0.5247445 2.643516
-0.1923675 0.5758141 2.635183
0.1059181 0.8140055 2.434566
0.05683597 0.9144187 2.434987
0.04123186 0.6737344 2.535964
0.01379871 0.9623357 2.58346
-0.007746671 1.249899 2.605283
-0.03873582 1.390127 2.586221
-0.1734994 1.115624 2.614975
-0.2723408 0.9189666 2.634737
-0.1496649 0.6525357 2.645197
-0.1493291 0.5937418 2.648685
0.1733539 1.151172 2.599327
0.2918013 0.9716947 2.654287
0.1251261 0.8853508 2.517827
0.1096584 0.8678958 2.467825
-0.03662942 0.667487 2.499232
0.01221888 0.3871253 2.474365
0.03852872 0.1596689 2.479422
-0.00342243 0.1531314 2.403634
0.1197558 0.6885318 2.499417
0.1857492 0.4324256 2.251251
0.2171283 0.1828122 2.16384
0.1653167 0.2083938 2.072189
-0.002131276 1.179278 2.603614
-0.1219861 0.5288414 2.637849
-0.1915008 0.577208 2.63118
0.09127995 0.8185147 2.443327
0.05392754 0.9217512 2.433003
0.04573558 0.6715809 2.541623
0.01988082 0.9638937 2.581293
0.005139508 1.255133 2.597238
-0.02998488 1.39495 2.58454
-0.1676144 1.118512 2.61006
-0.265184 0.9228731 2.62843
-0.1495779 0.6531815 2.641353
-0.1488877 0.5961584 2.644639
0.1871107 1.154062 2.583809
0.316402 0.9781993 2.624319
0.1211325 0.8837537 2.521039
0.1183682 0.8656597 2.479081
-0.02997162 0.664589 2.508698
7.542735E-05 0.386848 2.485014
0.01385851 0.1546302 2.489232
-0.01238763 0.1515945 2.407883
0.1224244 0.687281 2.502611
0.1813152 0.3383185 2.366504
0.216179 0.1018768 2.358932
0.1899759 0.1008641 2.269917
0.008388842 1.183089 2.597188
-0.1242626 0.5340496 2.633276
-0.1853863 0.5827584 2.629345
0.121714 0.8120728 2.455793
0.0723221 0.9157194 2.423209
0.05346234 0.667361 2.548441
0.03311164 0.9649054 2.578098
0.02561491 1.260477 2.585389
-0.01468828 1.400037 2.581565
-0.1571578 1.12093 2.603836
-0.2494463 0.9239069 2.622108
-0.147862 0.6570994 2.637326
-0.1454396 0.599896 2.637909
0.2064929 1.15553 2.56106
0.3450819 0.9821009 2.588041
0.127275 0.879907 2.517409
0.1367254 0.8588371 2.485518
-0.02039091 0.6606696 2.519831
-0.007740852 0.3848668 2.491572
-5.857809E-05 0.1508121 2.497363
-0.01535213 0.1486759 2.431304
0.127961 0.6833456 2.50579
0.1867052 0.295301 2.472196
0.2095051 0.06384112 2.52667
0.2020962 0.04255358 2.43932
0.0269865 1.187121 2.587222
-0.12605 0.5377885 2.628051
-0.1757412 0.5898014 2.62283
0.1451211 0.8060608 2.453569
0.09484228 0.910061 2.414599
0.06731767 0.6567072 2.558662
0.05339639 0.9620705 2.574452
0.05326415 1.262318 2.57
0.009302911 1.403162 2.576684
-0.1375166 1.122031 2.596014
-0.223777 0.9220303 2.617319
-0.1444061 0.6624302 2.633224
-0.13709 0.6040052 2.630237
0.2271062 1.153698 2.537466
0.3689719 0.9810488 2.558949
0.1599966 0.8671757 2.491765
0.1592104 0.8441105 2.484223
-0.005970024 0.6528861 2.534494
-0.01540138 0.3742703 2.500848
-0.01134027 0.1351923 2.511445
-0.004431883 0.1326129 2.450606
0.1401512 0.6703829 2.511008
0.1930892 0.2980411 2.554486
0.194191 0.04386231 2.60977
0.2384995 0.02410385 2.518043
0.05269472 1.187707 2.574583
-0.124161 0.5409986 2.621586
-0.161721 0.591996 2.613578
0.1527657 0.764258 2.43611
0.1224915 0.8893399 2.400463
0.08483876 0.6467966 2.569025
0.0758391 0.9589559 2.572133
0.07501169 1.263615 2.559409
0.03809192 1.405271 2.56857
-0.1138593 1.123834 2.588281
-0.1967635 0.9214562 2.614825
-0.1392779 0.6674709 2.630964
-0.1246648 0.6085423 2.629921
0.2437181 1.151807 2.523406
0.3828506 0.9793923 2.545268
0.200665 0.8383543 2.478738
0.2017042 0.7958623 2.485785
0.01066575 0.6460023 2.547423
-0.01816659 0.3354474 2.515585
-0.0199522 0.1011353 2.530006
0.003284161 0.0975414 2.474488
0.1566784 0.6581212 2.517527
0.1961893 0.2910222 2.581571
0.1924438 0.05396965 2.63448
0.2238173 0.03286967 2.542164
0.07480507 1.188072 2.565506
-0.1178709 0.5461411 2.622531
-0.145974 0.5883592 2.610409
0.1717981 0.7066854 2.434454
0.1567744 0.8469831 2.399663
0.09925831 0.641534 2.575198
0.09570684 0.9572251 2.570397
0.09439313 1.264482 2.551841
0.06088281 1.406056 2.561337
-0.09414027 1.125732 2.582422
-0.1764171 0.9216009 2.611509
-0.1267463 0.673851 2.63257
-0.1055496 0.614574 2.637225
0.2596436 1.150628 2.515088
0.3943809 0.9776928 2.538608
0.2217764 0.8262751 2.474881
0.2215186 0.7822042 2.48727
0.02404788 0.6426003 2.55482
-0.01641303 0.3271043 2.521152
-0.0218322 0.09351502 2.536002
0.009768581 0.08935229 2.482054
0.1710809 0.6511472 2.521805
0.2012129 0.2941016 2.581526
0.1972021 0.06322805 2.630577
0.2247582 0.04462852 2.545286
0.09459457 1.188447 2.55901
-0.1063683 0.5525294 2.630823
-0.1242684 0.5981573 2.622521
0.2051825 0.6780971 2.435021
0.1794499 0.8280464 2.399723
0.1120845 0.6385419 2.57907
0.1118804 0.9562048 2.56971
0.1101404 1.264858 2.547829
0.07784964 1.406132 2.556089
-0.07937922 1.127198 2.579496
-0.1203383 0.8950028 2.618573
-0.110946 0.6685756 2.637263
-0.0895855 0.610032 2.641576
0.2726359 1.149736 2.511163
0.4052586 0.9756514 2.536855
0.238032 0.8183446 2.473744
0.2386459 0.7743523 2.489448
0.0364702 0.6408461 2.559236
-0.005654029 0.3031299 2.528003
-0.01821961 0.06723677 2.542136
0.03585679 0.06238189 2.509185
0.1837171 0.6469554 2.524803
0.2186021 0.2820053 2.574788
0.2092943 0.05647101 2.613875
0.239564 0.04443496 2.551635
0.1106352 1.188589 2.555626
-0.09534842 0.5551857 2.634344
-0.1106235 0.5985025 2.62499
0.2267388 0.6679974 2.435804
0.1944471 0.8175173 2.400074
0.1235036 0.636848 2.580202
0.1247124 0.9553768 2.56893
0.1229808 1.264624 2.545784
0.09036703 1.405802 2.551936
-0.06591403 1.127927 2.577841
-0.09329201 0.8796616 2.622577
-0.09673901 0.6634629 2.64055
-0.07711355 0.6068163 2.642823
0.2840197 1.148608 2.509225
0.4159364 0.9735458 2.536766
0.2517715 0.8129143 2.473272
0.2538572 0.7695729 2.491432
0.04746006 0.6399023 2.560607
0.002035761 0.2967779 2.529876
-0.009808323 0.06576091 2.544347
0.01443104 0.06167208 2.498912
0.1952698 0.6444955 2.525506
0.2338875 0.273498 2.565733
0.2268336 0.04774572 2.589667
0.2668134 0.04206024 2.547822
0.1235519 1.188291 2.553793
-0.08246425 0.5562459 2.636174
-0.09918436 0.599252 2.62608
0.2463293 0.6645782 2.435129
0.3026618 0.7550825 2.522991
0.1324795 0.6359096 2.578583
0.1342337 0.9543097 2.567401
0.1337098 1.263227 2.544149
0.09991827 1.404776 2.54833
-0.05523288 1.127968 2.576474
-0.07865393 0.8721492 2.623014
-0.08674411 0.6590053 2.641709
-0.06737079 0.6027043 2.641627
0.2935595 1.147208 2.508041
0.4244872 0.9711168 2.537517
0.2621147 0.8090941 2.472868
0.265862 0.7677788 2.492316
0.05599482 0.6394358 2.559324
0.01203609 0.2952977 2.527515
-0.000142361 0.06585224 2.543985
0.01257298 0.06127816 2.489666
0.2045609 0.6430511 2.523374
0.2477927 0.275564 2.527112
0.2398604 0.03655546 2.547852
0.3074791 0.03183359 2.5193
0.1339297 1.187078 2.552106
-0.07036363 0.555909 2.634486
-0.08946885 0.595984 2.624079
0.2580008 0.710735 2.436111
0.305711 0.7283832 2.466361
0.1410466 0.6347167 2.572842
0.1433652 0.9523211 2.563471
0.1441694 1.26042 2.540939
0.1084075 1.402416 2.543754
-0.04501662 1.126955 2.573658
-0.06944858 0.8680579 2.62307
-0.07758391 0.6556809 2.639987
-0.05947771 0.6039533 2.637361
0.3029354 1.145051 2.506548
0.432098 0.9680225 2.538066
0.2712327 0.8057601 2.472141
0.2755778 0.7664766 2.491573
0.06421921 0.6385399 2.553554
0.0281393 0.2913266 2.514411
0.007731386 0.0668591 2.539261
0.0142768 0.0598783 2.48158
0.2133155 0.6415441 2.517699
0.2536723 0.2784179 2.491338
0.2467625 0.04975973 2.511353
0.2981777 0.044453 2.468476
0.1440043 1.184565 2.548735
-0.06181787 0.5544205 2.630882
-0.08353013 0.5971978 2.621344
0.2667749 0.7058916 2.432088
0.3594541 0.7037228 2.53843
0.1559429 0.6316617 2.554528
0.1569683 0.9463602 2.54691
0.1573286 1.251889 2.524343
0.1176637 1.39417 2.52899
-0.03463547 1.121722 2.564521
-0.1027552 0.8966281 2.6034
-0.06434923 0.6560033 2.633593
-0.05318048 0.6033272 2.634361
0.312732 1.1393 2.498869
0.4421547 0.9615303 2.530581
0.3484989 0.7563725 2.530171
0.3419231 0.7111864 2.547089
0.07780378 0.6353559 2.535303
0.06418959 0.3128577 2.429809
0.03371671 0.1131206 2.462762
0.04536478 0.1013601 2.402251
0.2292947 0.6387041 2.499622
0.2562605 0.2824497 2.474713
0.2500566 0.06280303 2.489782
0.2821878 0.05823224 2.436385
0.1572748 1.176756 2.532392
-0.05146394 0.5513807 2.629318
-0.07956193 0.5955746 2.618433
0.3612562 0.6204532 2.573861
0.4095426 0.6857045 2.570293
0.1679499 0.6285462 2.528949
0.1667077 0.9393387 2.51584
0.1635021 1.241579 2.488395
0.1208731 1.382593 2.489544
-0.02643348 1.111992 2.530684
-0.1165956 0.9114114 2.580845
-0.05508287 0.659368 2.626793
-0.04938553 0.6031653 2.630615
0.3176977 1.128738 2.463906
0.4558285 0.9540592 2.481251
0.3778341 0.7462515 2.421318
0.3544495 0.7000589 2.501795
0.08869646 0.6325106 2.509561
0.08469431 0.3394823 2.354563
0.06694657 0.1460971 2.353233
0.07677862 0.14556 2.300142
0.2421992 0.6355531 2.474335
0.2569732 0.2866682 2.461939
0.252456 0.06923878 2.476945
0.2767949 0.06489646 2.421356
0.1645187 1.167168 2.497535
-0.0454286 0.5502708 2.627477
-0.07640819 0.5947288 2.616153
0.3235979 0.601647 2.445697
0.4143642 0.7003934 2.52849
0.1697271 0.6231757 2.489124
0.1633674 0.931546 2.468153
0.1548443 1.231815 2.432149
0.1077093 1.370798 2.430074
-0.03031316 1.102982 2.479132
-0.1251953 0.91594 2.540515
-0.0440874 0.6874139 2.596196
-0.05154058 0.6140587 2.606287
0.3071519 1.119528 2.404871
0.4528355 0.9473559 2.389238
0.3428866 0.7709211 2.275557
0.3127128 0.7529838 2.288068
0.08987574 0.6279238 2.470381
0.07503637 0.349928 2.264926
0.06796992 0.1606974 2.225532
0.08334182 0.1696104 2.179961
0.2445531 0.6296243 2.43394
0.2503827 0.2777802 2.443116
0.2512305 0.06381173 2.46365
0.269896 0.05854455 2.407994
0.1572404 1.15788 2.443591
-0.04468733 0.5500791 2.613933
-0.07482815 0.6220509 2.595379
0.2933568 0.7002436 2.294803
0.3295626 0.7644711 2.241884
0.1584322 0.612033 2.424259
0.1443101 0.9201149 2.39597
0.1288285 1.220494 2.353099
0.07612875 1.356925 2.350096
-0.05217285 1.089859 2.404888
-0.1429087 0.9082884 2.476683
-0.04495738 0.7010207 2.534871
-0.06827886 0.6266081 2.549532
0.2725539 1.103439 2.311366
0.4078462 0.9272831 2.247734
0.2473377 0.8187449 2.097388
0.2037101 0.8044085 2.08794
0.08099892 0.6161669 2.410311
0.0387963 0.3623215 2.180903
0.02361747 0.1737425 2.111805
0.02071789 0.189332 2.069896
0.2311046 0.6197354 2.364419
0.2279035 0.2797624 2.401446
0.2346241 0.07264631 2.439155
0.2242675 0.06575808 2.403167
0.132892 1.146513 2.366291
-0.0598041 0.5691116 2.554062
-0.08384445 0.6252973 2.544706
0.1731473 0.7767491 2.072443
0.2106473 0.7806177 2.089163
0.1204595 0.6040077 2.324014
0.09925378 0.9143039 2.293086
0.07933702 1.216363 2.251074
0.02320883 1.348126 2.253652
-0.09719891 1.078256 2.308082
-0.1790746 0.8977748 2.390027
-0.07012279 0.7065245 2.449651
-0.1056405 0.6401027 2.455373
0.2127588 1.090748 2.191068
0.3255581 0.9093912 2.081857
0.1325602 0.8911693 1.933487
0.1137718 0.8865479 1.917508
0.0469832 0.6077805 2.315634
-0.01067723 0.3711582 2.09307
-0.03545024 0.1577624 1.996423
-0.08931021 0.1850943 1.94988
0.1902555 0.6127604 2.258755
0.1909253 0.2982659 2.339949
0.1995465 0.1043924 2.403404
0.1852024 0.09252539 2.369096
0.08436388 1.142001 2.264198
-0.09906257 0.5956965 2.45941
-0.1079728 0.6189468 2.44985
0.06022205 0.8801413 1.895103
0.086842 0.927695 1.911949
0.05048247 0.6118472 2.204767
0.03161957 0.9247313 2.17963
0.01300639 1.229265 2.140935
-0.04605975 1.359295 2.151257
-0.1594025 1.081975 2.209428
-0.2006538 0.8818441 2.289616
-0.1120889 0.6928563 2.357533
-0.135924 0.6093718 2.376988
0.1391155 1.096723 2.060178
0.230257 0.9093838 1.931653
0.02890006 0.9344532 1.795759
-0.003894 0.9540402 1.774117
-0.01801755 0.6156425 2.201665
-0.06485976 0.3692384 2.023129
-0.08969894 0.1733337 1.91615
-0.1283243 0.1986091 1.878833
0.1174166 0.6209399 2.134221
0.1393369 0.310019 2.218345
0.1709298 0.1581433 2.326485
0.1274579 0.1244967 2.291931
0.01770578 1.154317 2.153351
-0.1310861 0.5737223 2.380244
-0.1305639 0.5756646 2.370106
-0.07018527 0.9801475 1.759484
-0.007468576 0.9956629 1.760711
-0.02649408 0.6381398 2.071757
-0.04087689 0.9526975 2.060138
-0.05423918 1.257643 2.034848
-0.1178643 1.38684 2.044
-0.2173395 1.109264 2.101047
-0.232862 0.8876055 2.188368
-0.1675394 0.7017366 2.274967
-0.1797837 0.6071191 2.304828
0.06739921 1.126277 1.945392
0.1521144 0.9389756 1.840837
-0.0348704 0.9357915 1.69817
-0.05597237 0.9600004 1.680708
-0.09366274 0.6401475 2.070755
-0.1126531 0.3750964 1.979533
-0.1228382 0.176959 1.914871
-0.1397776 0.1947473 1.863032
0.04098169 0.6489796 1.997757
0.06561394 0.3586447 2.00105
0.03257085 0.2071151 2.107574
0.02509171 0.1833775 2.071488
-0.05098103 1.182733 2.043786
-0.1767709 0.5756965 2.306358
-0.1717804 0.5672843 2.295706
-0.1158044 0.9651041 1.666121
-0.05355808 0.996342 1.654776
-0.105979 0.6674393 1.942056
-0.1073428 0.9825396 1.950383
-0.1072738 1.286707 1.943733
-0.1768703 1.414901 1.941162
-0.2723113 1.141343 1.996587
-0.293662 0.9399841 2.104194
-0.2268033 0.7473588 2.184114
-0.2444402 0.674743 2.150497
0.02339343 1.156092 1.857767
0.1076031 0.9591712 1.75991
0.004759505 0.9537473 1.653426
-0.04340226 0.9547913 1.584654
-0.1721282 0.6653954 1.942006
-0.1599355 0.3757344 1.930435
-0.1562049 0.1842159 1.923688
-0.1648069 0.1847175 1.904693
-0.03463779 0.6827466 1.872706
-0.01440799 0.4062049 1.785689
-0.05496203 0.2768027 1.892496
-0.05895735 0.2442063 1.851487
-0.1074887 1.212138 1.947876
-0.247074 0.6842991 2.139857
-0.2399275 0.6543372 2.13573
-0.09169884 0.9558936 1.546161
-0.07333138 0.9246824 1.626572
-0.1543559 0.6823035 1.820952
-0.1547656 0.99308 1.834665
-0.1526984 1.292667 1.836352
-0.2200967 1.421005 1.838457
-0.3124644 1.153482 1.896836
-0.3437722 0.9646326 2.003632
-0.2712491 0.8552388 1.801484
-0.2308021 0.8247571 1.785177
-0.01763997 1.163455 1.753831
0.1079145 0.9771464 1.680705
0.0235394 0.9470707 1.559178
-0.01586208 0.9329249 1.478957
-0.2234948 0.6757262 1.815932
-0.218253 0.3516035 1.909407
-0.1879946 0.1618582 1.893803
-0.1907443 0.1627485 1.877645
-0.07947831 0.7017945 1.752199
-0.05396326 0.4219895 1.655138
-0.08822174 0.2949388 1.766944
-0.09435204 0.2624868 1.728188
-0.1535598 1.219277 1.838185
-0.2234104 0.8036207 1.747884
-0.2337624 0.7597434 1.817374
-0.04738229 0.9256338 1.433957
-0.04637924 0.8956021 1.482299
-0.1984975 0.6763772 1.700861
-0.1907597 0.9865574 1.726646
-0.1831037 1.285134 1.735528
-0.2534297 1.412846 1.738409
-0.3382303 1.145929 1.792003
-0.366102 0.9483205 1.883759
-0.3093975 0.8381178 1.601567
-0.2474966 0.7949783 1.59372
-0.05217036 1.157068 1.641734
0.1022614 0.9728698 1.532181
-0.02418204 0.9230426 1.365084
-0.02660782 0.9222072 1.333078
-0.264163 0.6692022 1.705106
-0.2794332 0.3589666 1.832772
-0.2225094 0.1622879 1.870479
-0.2198304 0.1607042 1.858174
-0.1238848 0.697449 1.625186
-0.1074184 0.4258498 1.494989
-0.1366423 0.3053932 1.603381
-0.1350157 0.2820094 1.577833
-0.1851367 1.212051 1.735865
-0.183419 0.7470449 1.52852
-0.2181602 0.6985793 1.601726
-0.05061279 0.9122941 1.290365
-0.04893431 0.8758475 1.334122
-0.231372 0.6794029 1.563195
-0.2211298 0.9929491 1.599811
-0.2086807 1.292195 1.622279
-0.2809674 1.413278 1.633532
-0.3674618 1.143745 1.664959
-0.3751161 0.9374498 1.768243
-0.3342614 0.7297879 1.663398
-0.3157615 0.7200027 1.555695
-0.09552953 1.155237 1.508739
0.04261945 0.9909867 1.378983
-0.08338018 0.940082 1.207937
-0.0906098 0.938994 1.188335
-0.2944642 0.671506 1.57382
-0.3077973 0.379563 1.636608
-0.1285071 0.006977307 1.618264
-0.1692629 -0.006311129 1.489832
-0.1574471 0.7020369 1.482569
-0.1344977 0.424558 1.378955
-0.2593016 0.3692892 1.508538
-0.2665878 0.3258497 1.482993
-0.2120283 1.219203 1.619218
-0.313005 0.6822473 1.570823
-0.3074231 0.7113224 1.558535
-0.1220464 0.9313875 1.149539
-0.1077957 0.8850073 1.177162
-0.2491113 0.6849936 1.451436
-0.2450989 1.004301 1.496829
-0.2390605 1.307992 1.52442
-0.3194038 1.425924 1.535929
-0.3819352 1.145492 1.570535
-0.401744 0.9321921 1.650056
-0.3575055 1.054133 1.509151
-0.32452 1.044212 1.434855
-0.1428261 1.169634 1.378866
-0.02018419 1.009118 1.233861
-0.2059181 0.9832948 1.11457
-0.2358634 0.9861349 1.092891
-0.3042491 0.6760326 1.465476
-0.3637943 0.3938291 1.440523
-0.08370958 0.07555853 1.464296
-0.1350764 0.02105338 1.339772
-0.1823881 0.7093658 1.363455
-0.1473476 0.4284298 1.301259
-0.2831661 0.4111971 1.420525
-0.2993611 0.3681248 1.395859
-0.2409274 1.234058 1.520036
-0.2636055 1.05203 1.37511
-0.3121356 1.112273 1.458595
-0.2805069 0.9858711 1.035022
-0.2484816 0.9369278 1.104799
-0.2752634 0.6883876 1.35371
-0.281626 1.016173 1.403751
-0.2839215 1.326553 1.437841
-0.3635989 1.450094 1.463966
-0.410184 1.137557 1.501755
-0.4094592 1.000595 1.278796
-0.1766881 1.103299 1.167184
-0.2220171 1.103039 1.143067
-0.1907783 1.191072 1.284976
-0.1670789 1.035071 1.097484
-0.3909727 1.019547 1.029573
-0.4266623 1.028112 0.9988978
-0.3194821 0.6808676 1.382571
-0.3943623 0.4138005 1.283377
-0.06930039 0.1686327 1.316832
-0.1140272 0.09557724 1.216045
-0.2171605 0.7120883 1.252282
-0.2394415 0.4327015 1.233208
-0.3762961 0.4277611 1.354819
-0.4053397 0.4001364 1.321012
-0.2838848 1.251163 1.431655
-0.1591882 1.085573 1.123532
-0.1681132 1.16686 1.179796
-0.4716359 1.030415 0.9786373
-0.425805 0.9926448 1.00375
-0.3349155 0.7033507 1.282454
-0.3344063 1.024903 1.332813
-0.3321823 1.33033 1.366882
-0.4205072 1.451848 1.387447
-0.4497557 1.135864 1.408633
-0.4310717 1.064745 1.114419
-0.210607 1.120898 0.9913996
-0.1838531 1.084127 0.960181
-0.2317801 1.195157 1.214238
-0.3299901 1.048969 1.025108
-0.5540707 1.052039 0.9518013
-0.5825887 1.049662 0.9329263
-0.3754181 0.7008933 1.327783
-0.421874 0.4334666 1.214812
-0.1220741 0.1592083 1.25686
-0.1780204 0.08047776 1.142236
-0.2764344 0.721843 1.165771
-0.2566911 0.440631 1.119009
-0.189496 0.07129084 1.1867
-0.2506764 0.0405263 1.079573
-0.3330701 1.256086 1.360753
-0.1694196 1.078578 0.9313248
-0.159173 1.096738 1.018969
-0.6197486 1.053818 0.9082271
-0.5758516 1.017004 0.9316413
-0.3598973 0.7223155 1.203897
-0.3755926 1.036871 1.251686
-0.3870979 1.333307 1.281771
-0.4773843 1.457852 1.319378
-0.5039646 1.132291 1.335332
-0.4733393 1.086641 0.987757
-0.2373614 1.105732 0.9067135
-0.2042803 1.063103 0.8653164
-0.2848251 1.190776 1.141581
-0.4255008 1.048866 0.9550282
-0.651503 1.039743 0.903096
-0.6600347 1.040709 0.8951322
-0.3953733 0.7095102 1.260437
-0.4776954 0.4504955 1.161285
-0.5571492 -0.009626109 1.071053
-0.6022057 0.01802915 0.9697044
-0.3039539 0.7516973 1.068265
-0.2507654 0.4644398 1.06311
-0.1364352 0.05904812 1.102938
-0.2069561 0.02813125 0.9906849
-0.3848671 1.261489 1.276467
-0.1966462 1.061382 0.8411645
-0.1786285 1.08128 0.9246342
-0.7111684 1.052955 0.8642516
-0.6414598 1.016886 0.9344751
-0.3350534 0.7294608 1.135153
-0.3970835 1.041955 1.173764
-0.450994 1.335286 1.189845
-0.5410823 1.465508 1.229656
-0.5697161 1.131782 1.251708
-0.541054 1.054517 0.9435996
-0.3083817 1.117479 0.9061289
-0.303896 1.117348 0.9132839
-0.3388164 1.186518 1.062227
-0.4675136 1.043941 0.8995817
-0.7124966 1.014702 0.8143511
-0.7796988 1.006353 0.7931029
-0.3850333 0.7162655 1.185421
-0.5105873 0.4656501 1.073624
-0.7413538 0.01760603 1.021465
-0.7654996 0.04187044 0.919862
-0.2658648 0.7594533 1.011333
-0.3076477 0.4517628 0.967593
-0.3562747 -0.03198137 0.9301051
-0.4116512 -0.0183008 0.8254016
-0.4394692 1.264322 1.186989
-0.296615 1.133432 0.970759
-0.2882325 1.132911 0.9768694
-0.7945472 1.034062 0.8077036
-0.781639 1.028459 0.8139844
-0.3480443 0.7231473 1.062343
-0.4313333 1.037835 1.092882
-0.5067954 1.330506 1.107686
-0.6051021 1.4615 1.140018
-0.6317569 1.12949 1.165777
-0.5540913 1.035474 0.8698385
-0.3090551 1.059357 0.8516361
-0.3260671 0.9999462 0.9232775
-0.3913055 1.17323 0.9839666
-0.5120704 1.035327 0.8310008
-0.6579541 0.9236153 0.6865268
-0.6932216 0.8815092 0.6449001
-0.3957161 0.7136771 1.109168
-0.5362604 0.469344 1.010544
-0.8563778 0.02502823 0.9531137
-0.864064 0.04364508 0.8519256
-0.2797174 0.7519224 0.9470634
-0.4080137 0.4582836 0.8506097
-0.6047119 0.00497859 0.7280776
-0.6300589 0.03880692 0.6436194
-0.4890848 1.259864 1.10606
-0.3186376 0.9608792 0.9457896
-0.3072752 1.031917 0.9607917
-0.7071601 0.9145268 0.6654984
-0.6890485 0.9170129 0.6686928
-0.394923 0.6989906 1.06454
-0.4742118 1.020617 1.056561
-0.553041 1.316104 1.030961
-0.6622546 1.440739 1.051051
-0.6848517 1.119146 1.083172
-0.555411 1.025291 0.8040494
-0.409899 1.083834 0.6446025
-0.4021645 1.030289 0.6625757
-0.4391892 1.142039 0.9117502
-0.6235262 1.003409 0.7302638
-0.7433633 0.8644021 0.5850105
-0.7922081 0.8164405 0.5396468
-0.4415516 0.6927526 1.099654
-0.5955963 0.6152667 0.8313907
-0.8719667 0.6253446 0.3644849
-0.8531827 0.5789121 0.3523641
-0.3223757 0.7222617 0.9647775
-0.5038373 0.5916241 0.6745485
-0.7456169 0.5149398 0.2295579
-0.7374529 0.4908998 0.2292648
-0.5351385 1.244191 1.037825
-0.3587058 0.9958407 0.6833997
-0.3633247 1.089152 0.6847985
-0.7997927 0.854623 0.569108
-0.7859451 0.8658705 0.5664967
-0.3925019 0.6464575 1.042945
-0.4909744 0.9846273 1.021233
-0.5793298 1.297567 0.9782273
-0.6670518 1.348121 0.9235801
-0.71466 1.108436 1.031464
-0.5564191 1.035102 0.7683571
-0.3730222 1.146036 0.8506478
-0.3759639 1.121185 0.8649332
-0.4488317 1.102164 0.8694221
-0.6470063 0.9967068 0.7069956
-0.6955307 0.9172484 0.8736743
-0.7258252 0.8960351 0.9383921
-0.4523548 0.6511369 1.046756
-0.6202922 0.6632626 0.6990284
-0.8963686 0.6178518 0.2440027
-0.8709296 0.5824974 0.2320965
-0.3086161 0.6658378 0.972935
-0.5127068 0.6509747 0.5588111
-0.6874814 0.5914084 0.115801
-0.684626 0.5620946 0.118616
-0.5587786 1.22178 0.9909875
-0.325668 1.111059 0.9557772
-0.3958955 1.189549 0.9153897
-0.7420197 0.9253635 0.9506669
-0.7263131 0.930492 0.9541179
-0.3832674 0.6206205 1.041351
-0.4871502 0.9658346 1.008172
-0.5767305 1.283469 0.9526986
-0.6384599 1.295802 0.8695983
-0.7274357 1.099475 0.999551
-0.5531906 1.029353 0.7516478
-0.3851569 1.159509 0.8288934
-0.4084663 1.144391 0.8591194
-0.4465678 1.072632 0.8402807
-0.6612908 1.014571 0.6905301
-0.7350505 0.8947445 0.8347206
-0.7735493 0.8522128 0.8863601
-0.4414443 0.6262376 1.045884
-0.5982264 0.6481884 0.6812162
-0.8203205 0.6021453 0.2127859
-0.8032483 0.5661836 0.2082263
-0.3005335 0.6405833 0.9718038
-0.4647204 0.6431787 0.5955094
-0.6759622 0.5982166 0.1229414
-0.664438 0.5635799 0.1210855
-0.5561935 1.207306 0.9690409
-0.3478238 1.120483 0.9335366
-0.4168448 1.196381 0.896827
-0.7870081 0.8862895 0.9072487
-0.7740546 0.8963582 0.9055292
-0.3388361 0.5980257 1.009781
-0.4664852 0.944496 0.9655137
-0.5667145 1.264941 0.9255184
-0.5970354 1.200846 0.8607391
-0.7236578 1.084777 0.9753646
-0.5429991 0.9974894 0.7542325
-0.4168488 1.182742 0.8016717
-0.4403856 1.189982 0.8901557
-0.3511313 1.104441 1.025395
-0.5863422 1.077097 0.7550256
-0.7414582 0.9731899 0.80009
-0.7992717 0.9589044 0.7900693
-0.4126432 0.5939614 0.9516809
-0.5225586 0.6051369 0.5493131
-0.6491702 0.5237989 0.03579053
-0.5923341 0.5131355 0.02346629
-0.23872 0.6338928 1.003234
-0.3889504 0.7502847 0.718235
-0.6912846 0.9087217 0.2471018
-0.619759 0.8468179 0.180385
-0.5459335 1.188274 0.9401723
-0.4116347 1.177042 0.9269964
-0.4687119 1.216778 0.8693146
-0.8142266 0.9887856 0.8058397
-0.7975203 0.9907994 0.8131184
-0.330998 0.5883769 1.003701
-0.4563966 0.9324788 0.9588107
-0.5534085 1.250688 0.9152873
-0.5874158 1.17269 0.8539755
-0.7081149 1.069666 0.9656396
-0.534003 1.089989 0.7668189
-0.574824 1.281597 0.8774726
-0.5433525 1.298755 0.9182072
-0.3403661 1.08419 1.027465
-0.4497556 1.016765 0.8182819
-0.6234192 0.9144594 0.8918573
-0.6845769 0.8780931 0.921074
-0.4085863 0.582684 0.9301782
-0.4292125 0.623435 0.5189821
-0.4222324 0.6595353 -0.01626755
-0.3813467 0.6269814 -0.01793
-0.2289975 0.6242734 1.017947
-0.1629215 0.7110938 0.6125814
-0.06884829 0.782183 0.1182087
-0.07327724 0.7412695 0.1114827
-0.5334698 1.17418 0.9303098
-0.5883874 1.344438 0.9171526
-0.5870647 1.283382 0.8704571
-0.7019428 0.9075735 0.9344839
-0.684934 0.9104424 0.9383888
-0.328464 0.5890964 1.00391
-0.4497389 0.9260862 0.9572342
-0.5439735 1.24094 0.9127839
-0.5761242 1.158277 0.8612478
-0.6959703 1.076514 0.9823159
-0.5283229 1.116419 0.7725391
-0.6289202 1.318553 0.9009136
-0.5991773 1.353188 0.9285641
-0.3552784 1.148999 1.063347
-0.4004952 1.002814 0.835122
-0.5908141 0.8984425 0.9137791
-0.6561683 0.8625712 0.944375
-0.4091581 0.5853301 0.9337604
-0.4087195 0.6030962 0.5195755
-0.4304779 0.5814531 0.0005356446
-0.3966491 0.5573053 0.0001244508
-0.2280257 0.6314977 1.02309
-0.1109284 0.7322974 0.593978
-0.002907975 0.7779025 0.09891888
-0.0147118 0.7395297 0.0928084
-0.5249574 1.166115 0.9270095
-0.6492925 1.401726 0.9242144
-0.6447911 1.322686 0.867312
-0.6742844 0.8913015 0.9563051
-0.6554688 0.8927653 0.9620011
-0.3313587 0.5965313 1.006561
-0.4445595 0.925689 0.9637715
-0.5326856 1.235056 0.9209558
-0.5726432 1.149312 0.8670654
-0.6866001 1.082859 0.9987066
-0.5349922 1.15202 0.787412
-0.6555752 1.329655 0.9193215
-0.6209031 1.376554 0.9363071
-0.3624214 1.175769 1.075554
-0.3698799 0.9719746 0.9235163
-0.5606863 0.9576216 1.037301
-0.6245662 0.9527647 1.079798
-0.4113123 0.5887181 0.9358244
-0.3958143 0.59973