2.98823 174.704 173.105 36.9032 0.242973 
2.97906 174.717 173.144 36.9032 0.241865 
2.97046 174.73 173.179 36.9032 0.243339 
2.96077 174.738 173.221 36.9032 0.248708 
2.95315 174.741 173.258 36.9032 0.249725 
2.95002 174.737 173.271 36.9032 0.242117 
2.97297 174.722 173.263 36.9032 0.229419 
2.99963 174.703 173.243 36.9032 0.144313 
3.03382 174.686 173.201 36.9032 0.0784608 
3.09544 174.678 173.119 36.9032 0.0744059 
3.21642 174.703 172.921 36.9032 0.291592 
3.38268 174.781 172.643 36.9032 0.641601 
3.58178 174.944 172.237 36.9032 1.24439 
3.77387 175.245 171.801 36.9032 1.978 
3.89967 175.6 171.443 36.9032 2.51691 
3.98319 175.946 171.232 36.9032 2.8316 
4.0231 176.304 171.122 36.9032 3.01731 
4.03656 176.715 170.994 36.9032 3.1318 
4.10109 177.387 170.862 36.9032 3.20351 
4.26679 178.466 170.726 36.9032 3.07935 
6.00042 179.033 166.124 36.9032 3.18804 
19.2838 178.093 170.545 77.1133 3.69302 
38.4424 177.538 170.933 80.1189 4.87032 
56.6673 176.996 164.941 81.0584 5.80585 
79.6238 176.149 167.612 81.4289 6.79976 
90.8118 174.188 163.526 81.6203 6.50203 
99.4678 172.686 171.4 82.9351 5.67949 
94.4599 171.56 163.265 81.6515 5.49526 
81.4945 170.882 149.556 82.23 5.87396 
73.3868 170.43 169.759 79.0548 6.65042 
48.6846 170.424 140.898 75.3255 7.42173 
34.6419 170.969 155.211 71.2361 8.10716 
16.3341 172.543 160.743 52.642 8.68163 
7.73765 174.838 161.684 -21.0713 8.74916 
10.1868 177.669 170.407 -70.436 6.74246 
11.4438 178.875 172.564 -83.2791 4.82339 
10.773 178.236 173.748 -87.2723 3.75047 
8.91933 177.555 171.999 -84.9641 3.17581 
6.8328 177.258 172.311 -74.8992 2.85079 
4.05131 177.246 170.351 -79.6444 2.84556 
3.29244 177.471 167.821 -84.3896 2.8365 
2.28461 177.67 170.106 -89.1348 2.8328 
1.07066 176.642 173.013 -93.88 2.23587 
3.0806 174.954 175.947 -98.6251 1.04505 
7.78735 173.241 175.265 -103.37 1.60233 
15.914 172.601 175.688 -107.007 2.08942 
23.3272 173.587 159.042 -101.01 2.00735 
13.9963 176.095 142.559 -123.043 3.30636 
3.99736 179.368 120.778 -51.1758 6.62544 
2.41267 178.16 117.654 20.6918 9.60816 
3.68686 175.999 111.399 92.5594 10.1134 
17.531 173.734 89.0215 164.427 11.1609 
21.2273 172.828 81.988 170.807 11.9071 
33.6563 172.067 92.3503 168.14 12.8513 
7.82658 171.935 159.385 -55.2627 17.9555 
13.8732 171.899 171.711 -53.1753 25.5227 
8.73065 167.705 175.883 98.6892 19.844 
27.684 164.617 177.171 108.934 20.3546 
76.2669 165.329 167.265 85.0205 16.4563 
85.459 163.154 172.934 82.4807 6.66773 
87.3865 162.282 174.649 84.3025 5.46189 
107.321 159.688 173.821 128.551 15.212 
99.8034 159.815 175.828 89.4506 20.1649 
98.7501 159.913 171.836 89.6888 18.1298 
