0 0 0
-1 0 0 0
0 0 0
0 0 0 0
0 0 0
0.9709274 -0.2393742 0 0
0.9985478 0.05387422 -1.54882E-11 -3.221008E-10
0 0 0 0
0.9866379 0.1629282 2.316605E-09 3.825519E-10
0 0 0 0
0.700777 -0.02451587 0.01466715 0.7128082
0.7170744 -0.02716306 0.05459516 0.6943243
0.6672443 0.01156953 0.1481626 0.7298629
0 0 0 0
0 0 0 0
0 0 0 0
0.7008794 -0.01823793 -0.008495599 -0.7129962
0.7175898 -0.02013749 -0.04733815 -0.6945637
0.6672435 0.01156962 -0.1481627 -0.7298631
0 0 0 0
0 0 0 0
0 0 0 0
0.03833097 0.9989123 -0.008133676 -0.02527293
-0.0242611 0.9995826 -0.01230919 -0.009718304
0.5761001 0.8150884 -0.0586658 -0.01727069
0 0 0 0
0.03833067 0.9989111 0.008135478 0.02532071
-0.02426092 0.9995826 0.01230916 0.009718311
0.5761001 0.8150883 0.05866577 0.01727069
0 0 0 0
0.7314243 -0.02984898 0.006053701 0.6812423
0.7314479 -0.02283588 0.001474679 -0.6815134
0.1132757 0.5634169 2.501963
0.9931771 -0.08205644 -0.08234998 -0.009191283
0.9938588 -0.06728034 -0.08733862 -0.009492717
-0.9839668 0.1055413 0.1434905 0.008992684
-0.7568758 0.06651291 -0.03206007 -0.6493745
-0.7449323 0.06546335 -0.2276178 -0.6236831
-0.6936534 0.02673783 -0.2137681 -0.6873381
-0.7612563 -0.06689788 0.121161 0.6335089
-0.7108437 -0.06246771 0.3434212 0.6106235
-0.5923361 -0.1648146 0.2957191 0.7311119
0.9953774 -0.04895333 -0.08253242 -0.003981214
0.9964917 0.01329731 -0.08261996 0.00118019
-0.995581 -0.01117905 0.09323343 0.0009269167
0.9963024 0.006913954 -0.08260912 0.02257069
0.9959996 0.02551924 -0.08217319 0.02410953
-0.9866424 -0.02759898 0.1605297 0.002288364
0.9835624 0 -0.01388277 0.1800343
0.9724788 0 -0.1549281 -0.174018
0.1132199 0.5632979 2.502627
0.9932784 -0.08182603 -0.08133995 -0.009294373
0.993893 -0.06708656 -0.08709636 -0.009509416
-0.9846156 0.1077304 0.137257 0.009331774
-0.7569558 0.066333 -0.03176664 -0.6493141
-0.7452234 0.06530487 -0.2274328 -0.6234194
-0.6923987 0.02752823 -0.2150204 -0.6881807
-0.7610474 -0.06669153 0.1214222 0.6337318
-0.7113079 -0.06233282 0.3424379 0.6106489
-0.5892721 -0.1661745 0.2942972 0.7338488
0.9954399 -0.04938507 -0.08151696 -0.003927941
0.9965801 0.01295112 -0.08160306 0.001176566
0.9983926 0.009690343 -0.05583779 -0.000793546
0.9963897 0.006348982 -0.08159474 0.0225739
0.9960958 0.0250163 -0.08115747 0.02409871
-0.9872028 -0.02713335 0.1571286 0.002221762
0.9836073 0 -0.01375902 0.1797984
0.9724949 0 -0.1545576 -0.1742574
0.1131745 0.5631974 2.503183
0.9933466 -0.08161029 -0.08071229 -0.009371281
0.9939291 -0.06688109 -0.08683764 -0.009539316
-0.9815605 0.1129223 0.1536986 0.01282339
-0.7570354 0.06614064 -0.03150365 -0.6492537
-0.7454002 0.06512409 -0.2274696 -0.6232135
-0.6908547 0.02768404 -0.2160377 -0.6894065
-0.7608738 -0.06647599 0.1215446 0.6339393
-0.7116885 -0.06217877 0.341301 0.6108575
-0.587247 -0.1602631 0.2976556 0.7354307
0.9954737 -0.04974292 -0.08088512 -0.00391253
0.9966359 0.01262078 -0.08097146 0.001154448
-0.9933272 -0.01126222 0.1147754 0.0009149812
0.9964445 0.005691446 -0.080964 0.02260488
0.9961522 0.02479533 -0.08051571 0.02415305
-0.9875997 -0.02694852 0.154648 0.002189522
0.9836436 0 -0.0136075 0.1796113
0.9725109 0 -0.1541973 -0.1744869
0.1131527 0.5631161 2.503567
0.9933953 -0.08146787 -0.08025077 -0.009417488
0.9939677 -0.06671705 -0.08651998 -0.009567974
-0.9795379 0.1114494 0.1673917 0.008051557
-0.7571322 0.06590465 -0.03131765 -0.6491737
-0.7454569 0.06488836 -0.2275561 -0.6231388
-0.6894067 0.02778953 -0.2170124 -0.6905449
-0.76073 -0.0662178 0.1214626 0.6341544
-0.7120171 -0.06197759 0.340912 0.6107122
-0.5822849 -0.1529403 0.303354 0.7386001
0.9955037 -0.04989446 -0.0804211 -0.003940358
0.9966769 0.01233641 -0.08051024 0.001086745
-0.9908605 -0.01160119 0.1343872 0.000937161
0.9964851 0.005232722 -0.08050038 0.02257938
0.9961927 0.02469948 -0.0800439 0.02414776
-0.9824104 -0.0255734 0.1849643 0.002065527
0.9836537 0 -0.01326238 0.1795813
0.9725152 0 -0.1539183 -0.1747097
0.1131349 0.563072 2.503789
0.993426 -0.0813913 -0.07994327 -0.009453746
0.9940137 -0.06663437 -0.08604749 -0.009615706
-0.9843736 0.1110103 0.1366558 0.00325768
-0.7573093 0.06555676 -0.03110431 -0.6490127
-0.7453611 0.06452248 -0.2279193 -0.6231585
-0.6875125 0.02945766 -0.2198559 -0.6914639
-0.7606227 -0.0658436 0.1212504 0.6343627
-0.7121293 -0.06164575 0.340665 0.6107529
-0.5769111 -0.1466261 0.3083452 0.742023
0.9955258 -0.04994731 -0.08011224 -0.003986782
0.9967039 0.01214973 -0.08020502 0.001010245
-0.989772 -0.011662 0.142178 0.0009383032
0.9965169 0.004582442 -0.080192 0.02241405
0.9962125 0.02504861 -0.07971473 0.02405636
-0.9772614 -0.02479099 0.2105745 0.001994951
0.9836621 0 -0.01251738 0.179589
0.9725171 0 -0.1537595 -0.1748386
0.1131186 0.5630377 2.503914
0.9934913 -0.08132248 -0.07919221 -0.009503962
0.9942576 -0.06645354 -0.0833101 -0.00975901
0.9885192 -0.09735779 -0.1142847 -0.01703778
-0.7578328 0.06349953 -0.03110308 -0.6486061
-0.7446417 0.06239423 -0.2317532 -0.6228212
-0.6879668 0.03510576 -0.2301436 -0.6873888
-0.7607042 -0.06374013 0.1195483 0.6348027
-0.7123444 -0.05968799 0.3391279 0.6115515
-0.5717726 -0.1407135 0.3106632 0.7461667
0.9955912 -0.04983239 -0.0793596 -0.004115291
0.9967642 0.0120889 -0.07946199 0.0008207944
-0.9893074 -0.0117227 0.1453701 0.000934387
0.9965835 0.004018785 -0.07943869 0.02224183
0.9962664 0.02546074 -0.07894174 0.02394591
-0.9740687 -0.02449581 0.2249145 0.00195242
0.9836034 0 -0.007702638 0.1801804
0.9725111 0 -0.1535058 -0.1750946
0.1129498 0.562991 2.503503
0.9937292 -0.08151368 -0.07592337 -0.009663484
0.9947943 -0.06632289 -0.07671837 -0.009998784
-0.9870129 0.08273461 0.1374475 0.00830191
-0.7603295 0.05863641 -0.03836686 -0.6457467
-0.7429505 0.05729615 -0.2370058 -0.6233538
-0.6950915 0.03580794 -0.2370961 -0.6777546
-0.761001 -0.05868819 0.11532 0.6357158
-0.7125899 -0.05495475 0.3355245 0.6136928
-0.5681619 -0.1331763 0.3101636 0.7505031
0.9959023 -0.048676 -0.0760894 -0.004436731
0.9970139 0.01241155 -0.07621828 0.0002318557
-0.9895136 -0.01214729 0.1439251 0.0009280173
0.9968387 0.004088568 -0.07616094 0.02225529
0.9965098 0.02593261 -0.07565495 0.02391896
-0.9724864 -0.02432405 0.2316786 0.001858301
0.9835164 0 0.003467402 0.1807856
0.9725267 0 -0.1525856 -0.1758113
0.1124454 0.5630001 2.50218
0.9943944 -0.08215103 -0.06580872 -0.01001322
-0.9958379 0.06635339 0.06166267 0.01009604
0.998764 0.01612742 -0.04659576 0.006260801
-0.7653467 0.04739035 -0.05542297 -0.6394739
-0.7403764 0.04584419 -0.2346246 -0.6282455
-0.714335 0.02880865 -0.2292268 -0.6605685
-0.7612211 -0.04713489 0.1063197 0.6379787
-0.7114735 -0.04405452 0.3316452 0.6179613
-0.584883 -0.1209233 0.306126 0.7413341
0.9966946 -0.04712403 -0.06596095 -0.005314721
0.9976898 0.01535652 -0.06616428 -0.00117547
-0.9909991 -0.01528812 0.1329889 0.00101176
0.9975607 0.005060496 -0.06601827 0.02210507
0.9972163 0.02669383 -0.06552334 0.02353164
-0.9731472 -0.02423924 0.2288983 0.001604037
0.9836695 0 0.02806883 0.1777823
0.9727603 0 -0.1495991 -0.1770805
0.1112073 0.5630878 2.499719
0.9956416 -0.08171684 -0.04432805 -0.007426172
0.9971941 -0.06543628 -0.03623911 -0.002993175
0.9999036 -7.843599E-06 -0.0005651936 -0.01387615
-0.7728455 0.02808589 -0.07544468 -0.6294672
-0.7616564 0.02767926 -0.237348 -0.6023116
-0.7683467 -0.004473038 -0.1992885 -0.6082001
-0.7586842 -0.02757125 0.09157261 0.6444009
-0.7225029 -0.02625639 0.3149836 0.6148866
-0.6033006 -0.1054521 0.287622 0.7363299
0.9976447 -0.05092266 -0.04441723 -0.01179645
0.9985885 0.02663012 -0.04519854 -0.00831492
-0.9942297 -0.02695009 0.103825 0.001199869
0.9988319 0.006630881 -0.04447009 0.01769826
0.998466 0.02783661 -0.04408429 0.01863846
-0.9754564 -0.02473099 0.2187968 0.001101052
0.983303 0 0.06413458 0.1702998
0.9739024 0 -0.1375809 -0.1805147
0.1066672 0.5639889 2.496104
0.9967188 -0.07932941 -0.01600304 0.00152552
0.9978698 -0.0637534 -0.01070468 0.008757651
0.9987366 0.04694576 0.01464941 -0.01032556
-0.7884441 0.008457839 -0.0870959 -0.6088503
-0.7799538 0.008366761 -0.2268702 -0.5832084
-0.8246457 -0.03309907 -0.1481111 -0.5449101
-0.7555175 -0.008104627 0.07337198 0.6509564
-0.7410916 -0.007949878 0.2938111 0.6036515
-0.6614789 -0.07721391 0.2630651 0.6980549
0.9987041 -0.0468876 -0.01603492 -0.01160298
0.9993724 0.02937901 -0.01687274 -0.0103469
-0.998097 -0.03055311 0.05356039 0.0004905523
0.9996206 -0.02232765 -0.01604963 -0.001636897
0.9996206 -0.02232765 -0.01604963 -0.001636897
0.9976155 -0.03428742 -0.05989476 0.0005505093
0.9811447 0 0.09489904 0.1683724
0.9752163 0 -0.1166484 -0.1880064
0.09905203 0.5657984 2.492864
0.9968125 -0.07878809 0.007316792 0.01018449
-0.9977728 0.06401072 -0.007744267 -0.01709487
0.9946356 -0.06178017 0.007719826 -0.0826065
0.7928585 0.006153741 0.09278392 0.6022697
0.7862206 0.006102222 0.2216267 0.576803
0.8375375 0.0503042 0.1322166 0.5277492
0.755414 -0.005863118 -0.05325769 -0.6530536
0.759243 -0.005892836 -0.2744713 -0.5900687
0.6894087 0.08349092 -0.2215993 -0.6845722
0.9988337 -0.04537389 0.007331628 -0.01478816
0.9993395 0.03237487 0.006160389 -0.01531313
-0.9992529 -0.03515882 0.01605049 -0.0002580776
0.9915529 -0.1291319 0.003924788 -0.01149545
0.9915529 -0.1291319 0.003924788 -0.01149545
0.976571 -0.2151815 -0.001811423 -0.001585048
0.979657 0 0.1124269 0.16623
0.9767308 0 -0.0944114 -0.1925709
0.09151364 0.5677481 2.489558
0.9963723 -0.08064035 0.02465705 0.01146498
-0.9975029 0.06564181 -0.01953948 -0.0172448
-0.9984973 -0.04624942 -0.02441437 0.01637657
0.7934268 0.01554196 0.09643826 0.6007761
0.787743 0.01543062 0.2206789 0.574912
0.8371754 0.05961998 0.1329183 0.5271769
0.7585543 -0.01485886 -0.0400712 -0.6502068
0.7689167 -0.01506184 -0.2557633 -0.5857692
0.7123381 0.059988 -0.2078091 -0.6676762
0.9987144 -0.04168895 0.02471501 -0.01485559
0.9990407 0.0329568 0.02353749 -0.01665854
0.9987817 0.03494985 0.03482598 0.000864898
0.9729056 -0.2302764 0.01599776 -0.0130932
0.9729056 -0.2302764 0.01599776 -0.0130932
-0.9503453 0.3086467 -0.03902041 0.007638036
0.9790142 0 0.1213254 0.1637419
0.9767799 0 -0.08178437 -0.1980211
0.08621572 0.5694258 2.486821
0.995922 -0.08232778 0.03476033 0.01238233
-0.9972593 0.06695695 -0.02592451 -0.0178526
-0.9960568 0.04204757 -0.02589286 0.07370473
0.7926352 0.02060484 0.09899951 0.601252
0.7887446 0.0205037 0.2193672 0.5738811
0.8329815 0.06544215 0.1350237 0.532567
0.7612733 -0.01978957 -0.03258829 -0.6473094
0.7746377 -0.02013699 -0.245619 -0.5824106
0.7235625 0.03829359 -0.2097543 -0.6565012
0.9984918 -0.039643 0.03485002 -0.01510418
0.9987248 0.03325834 0.0336561 -0.01760475
0.9979051 0.03579979 0.05387473 0.001249508
0.9518269 -0.3056869 0.02075782 -0.0122578
0.9518269 -0.3056869 0.02075782 -0.0122578
-0.9285696 0.3678903 -0.04744101 0.01284035
0.9788408 0 0.1248888 0.1620914
0.977167 0 -0.07346749 -0.1993671
0.08230479 0.5707511 2.484958
0.9955792 -0.08315358 0.04178439 0.0127184
-0.9971346 0.06741633 -0.02913507 -0.01813427
0.9972951 0.07116949 0.01835711 -0.0006303117
0.791863 0.02313699 0.09959768 0.602078
0.7879068 0.02302139 0.2168904 0.5758745
0.8252448 0.0697682 0.136231 0.5436401
0.7631869 -0.02229912 -0.02778487 -0.6451949
0.778177 -0.0227371 -0.2403344 -0.5797957
0.7251673 0.02788181 -0.2123762 -0.6544092
0.9982777 -0.03842037 0.04189765 -0.01450028
0.9984758 0.03287096 0.04075686 -0.01745135
0.9969613 0.03550336 0.06932307 0.001490074
0.9258263 -0.377174 0.02187311 -0.01036289
0.9258263 -0.377174 0.02187311 -0.01036289
0.9092431 -0.4136608 0.04313204 -0.01736132
0.9789556 0 0.1252683 0.1611021
0.9774873 0 -0.06796798 -0.1997472
0.07933339 0.5719842 2.48401
0.9953201 -0.0832704 0.04745896 0.01231069
-0.9970984 0.0671229 -0.03081563 -0.01842629
0.9975673 0.06664692 0.02042383 -0.0007971526
0.7915221 0.02446218 0.09765065 0.6027924
0.7855549 0.02427776 0.2145945 0.5798821
0.817319 0.07317244 0.1361927 0.5550559
0.7643932 -0.02362375 -0.02382207 -0.6438769
0.7793455 -0.02408586 -0.2375557 -0.5793166
0.7224197 0.02259725 -0.2148742 -0.6568318
0.9980426 -0.03805825 0.04758877 -0.014067
0.9982618 0.03179205 0.04648919 -0.01735877
0.9964553 0.03520045 0.0763866 0.001678432
0.889513 -0.4563652 0.02186344 -0.004448975
0.889513 -0.4563652 0.02186344 -0.004448975
0.8799894 -0.4739489 0.02191855 -0.02259888
0.9791754 0 0.1249613 0.1600009
0.977652 0 -0.06460245 -0.2000577
0.07545371 0.5737872 2.483771
0.995064 -0.0826814 0.05409319 0.009243334
-0.9971493 0.06633177 -0.03093486 -0.0183405
0.995905 0.08813085 0.01804357 -0.0089822
0.7909063 0.02453651 0.09218318 0.6044563
0.7820173 0.02426075 0.2107994 0.5860239
0.8027838 0.08601578 0.1250532 0.5766293
0.7652588 -0.02374084 -0.02064322 -0.6429535
0.7799461 -0.02419649 -0.2360115 -0.5791349
0.7227786 0.0195887 -0.2160571 -0.6561454
0.997745 -0.03797026 0.05423894 -0.01101602
0.9980019 0.0304812 0.0533567 -0.01470641
0.9958708 0.03477843 0.08383524 0.001890609
0.8461297 -0.5322425 0.02717097 0.006669675
0.8543326 -0.5189734 0.02727174 0.006244848
-0.8540549 0.5187933 -0.02546671 0.0282024
0.9796643 0 0.122611 0.1588222
0.977915 0 -0.06210878 -0.1995613
0.07315063 0.575271 2.483471
0.9948297 -0.08216226 0.0591404 0.008109214
-0.9972886 0.0650019 -0.02956989 -0.01776849
-0.9970452 0.02165993 -0.02956247 0.06751141
0.7899575 0.02342231 0.08470399 0.606831
0.7780856 0.0230703 0.2048766 0.59336
0.7972881 0.07782456 0.1298172 0.5843139
0.7658332 -0.02270702 -0.01751936 -0.6423994
0.7796772 -0.02311749 -0.2372523 -0.5790342
0.7239743 0.01844657 -0.2188716 -0.6539238
0.9974842 -0.0378952 0.05929821 -0.008542637
0.9977558 0.02990426 0.05858152 -0.01254826
0.9952862 0.03469473 0.09053997 0.002062524
0.787697 -0.6152984 0.02648758 0.01549101
0.8209198 -0.5702186 0.02731357 0.01398329
-0.8214251 0.5696261 -0.009109751 0.02653582
0.9804462 0 0.1181479 0.157373
0.9782443 0 -0.06032317 -0.1984923
0.07209527 0.5765657 2.48256
0.9943819 -0.08194203 0.06657733 0.007593165
-0.9974782 0.06312759 -0.02768475 -0.01690025
-0.9916024 -0.1177809 -0.04698007 0.02539891
0.789735 0.02191886 0.08153743 0.6076099
0.7755513 0.02152519 0.2025529 0.5975193
0.7907438 0.06462672 0.1445662 0.5913109
0.7662752 -0.02126774 -0.01371194 -0.642014
0.7792792 -0.02162866 -0.2404225 -0.5783192
0.7228371 0.02424082 -0.2183707 -0.6551589
0.9969426 -0.04053859 0.06674878 -0.00258052
0.9972066 0.03342171 0.06637425 -0.007517874
0.9941462 0.03841134 0.1009516 0.002571773
0.738653 -0.6731567 0.0267197 0.02320132
0.8024686 -0.5956444 0.02891283 0.02040322
-0.8036029 0.5946646 -0.01187602 0.02134912
0.9814812 0 0.1118186 0.1555353
0.9783092 0 -0.05811946 -0.1988296
0.07162035 0.5777738 2.481398
0.9938701 -0.08080338 0.07508953 0.007396292
-0.9975386 0.06015852 -0.03223052 -0.01609339
0.987012 0.1567504 0.01432582 -0.03211599
0.7896377 0.02114231 0.08091441 0.6078472
0.7715142 0.02065706 0.2197656 0.5966929
0.7816258 0.04052938 0.1923922 0.5919495
0.7662069 -0.02051497 -0.00962349 -0.6421943
0.7790251 -0.02085817 -0.2414942 -0.5782434
0.7186007 0.04821778 -0.1990633 -0.6645766
0.9962786 -0.04184929 0.0752715 0.003445707
0.9964753 0.03686996 0.07530876 -0.002502627
0.9928758 0.04216447 0.1113989 0.003185638
0.7442093 -0.6670084 0.02835353 0.02118158
0.8218532 -0.5685992 0.03078206 0.01746558
0.8147045 -0.5682991 0.1070018 -0.04293657
0.9829944 0 0.1018868 0.1527782
0.9789463 0 -0.05024325 -0.1978375
0.07115953 0.5785709 2.480621
0.9936725 -0.07878601 0.07969338 0.007521636
-0.9975877 0.05677374 -0.03680592 -0.01552139
0.9866288 0.1612833 0.0188943 -0.01393623
0.7894161 0.02060777 0.08296246 0.6078773
0.7676853 0.02004049 0.2292142 0.5980957
0.7728147 0.04236374 0.2017912 0.6002026
0.7659925 -0.0199963 -0.004017679 -0.642526
0.7786301 -0.0203262 -0.2420858 -0.5785468
0.7187146 0.05986567 -0.1889637 -0.6664519
0.995937 -0.04125678 0.079875 0.005218597
0.9960912 0.03735009 0.08003785 -0.00109168
0.9924781 0.04330919 0.1144529 0.003473433
0.8146126 -0.5788871 0.03546482 0.006191146
0.8812346 -0.4713061 0.03596288 0.001659924
-0.8734985 0.4706795 -0.1184742 0.03774891
0.9845205 0 0.0913202 0.1495998
0.9798734 0 -0.0409897 -0.1953661
0.07059589 0.579047 2.479598
0.9943156 -0.07370473 0.07634991 0.008649992
-0.9981798 0.04795847 -0.03338218 -0.01492759
0.9840492 0.1769454 0.01745688 0.005721349
0.7878277 0.01254363 0.07689457 0.610948
0.7638893 0.01216249 0.2258142 0.6044281
0.7641207 0.04055422 0.194361 0.613758
0.7704837 -0.01226748 0.001662138 -0.6373395
0.776332 -0.0123606 -0.2377819 -0.5836229
0.7333584 0.04943426 -0.193114 -0.6499605
0.9962574 -0.03977074 0.07649901 0.006119681
0.9963378 0.03770049 0.07674322 0.0001616905
0.9934596 0.04391493 0.1053484 0.003372069
0.9108749 -0.4095254 0.05046295 -0.007034855
0.9377053 -0.3436754 0.04983449 -0.01060764
0.9358193 -0.3447021 0.06871711 -0.02646843
0.9867639 0 0.06877053 0.1468593
0.9820204 0 -0.03829192 -0.1848504
0.07042636 0.5789951 2.478287
0.995656 -0.06542979 0.06546649 0.01011427
-0.9990194 0.03573339 -0.02238585 -0.01350107
0.9919159 0.1232977 -0.0300057 0.0005204445
-0.7843195 0.008000098 -0.05863203 -0.6175283
-0.7614909 0.007767247 -0.2087273 -0.6135994
-0.7599724 -0.02726041 -0.1710892 -0.6264402
-0.7786496 -0.007942267 0.001007602 0.6274079
-0.7720353 -0.007874801 0.2276833 0.5933463
-0.7272127 -0.02517615 0.2256168 0.6477848
0.9973683 -0.0305651 0.06557908 0.004645145
0.997267 0.03370973 0.06574209 0.0004134715
0.9951169 0.03926662 0.09051958 0.002581864
0.96587 -0.2529167 0.05586329 -0.002794845
0.9837174 -0.1707975 0.05543039 -0.007482681
0.9844835 -0.1706772 0.0391866 -0.01122239
0.9892073 0 0.03661283 0.1418752
0.9840152 0 -0.05728921 -0.1686182
0.07128605 0.5785494 2.476798
0.996987 -0.05817521 0.05015386 0.01082846
0.9994731 -0.02921457 0.006970572 0.01230821
-0.9889076 -0.1323756 0.0669986 0.007063415
-0.7799007 0.02933563 -0.03758642 -0.6240846
-0.7586666 0.02853692 -0.1828689 -0.6246356
-0.7578434 -0.03089467 -0.1184955 -0.6408417
-0.7850973 -0.0295311 0.02544513 0.6181446
-0.7668231 -0.02884373 0.2228179 0.6012508
-0.6872522 -0.02340533 0.2482229 0.6822917
0.9984526 -0.02342864 0.05022759 0.004562458
0.9982552 0.03070893 0.05040102 0.001834073
-0.9960737 -0.03315793 -0.08206807 -0.001668
0.9956912 -0.07791403 0.05008867 0.00442582
0.9987074 -0.007422188 0.05027615 0.0008784342
-0.9999185 0.007681571 0.01019178 0.0003863473
0.9905235 0 0.01291608 0.1367351
0.9837318 0 -0.08758761 -0.1568444
0.07389379 0.576808 2.475583
0.9981256 -0.05137546 0.03172506 0.009976677
0.9996286 -0.02314248 -0.01159261 0.008531581
0.9906018 0.1070108 -0.08495949 0.006211469
-0.7686551 0.04457322 -0.01049234 -0.6380224
-0.7607891 0.04411707 -0.152153 -0.6293673
-0.7475863 -0.02653548 -0.0807548 -0.6587029
-0.7888873 -0.04574645 0.04141397 0.611432
-0.7616096 -0.04416465 0.230992 0.6038569
-0.673767 -0.06096497 0.2355001 0.6977543
0.9993607 -0.01502995 0.03176432 0.006588057
0.9991378 0.02590825 0.03200747 0.005281725
0.9957867 0.02276856 0.08882596 0.0007236906
0.9994474 0.00970697 0.03176708 0.001249376
0.9990849 0.02861129 0.03178503 0.0006482305
0.9970646 0.02590191 -0.07204659 0.0008232831
0.9913087 0 -0.00970148 0.131198
0.982429 0 -0.1057195 -0.1538076
0.08122307 0.5730819 2.47431
0.9988515 -0.04780506 -0.001051615 -0.003038681
0.9984864 -0.02836216 -0.04502634 -0.01390666
0.9921411 0.09894651 -0.07565764 0.01190051
-0.7549174 0.06583209 0.01633051 -0.652303
-0.7755514 0.06763147 -0.132823 -0.6134363
-0.7460625 0.006702341 -0.07721023 -0.6613507
-0.7915651 -0.06902792 0.06480462 0.6037055
-0.7526079 -0.06563068 0.2595918 0.6015697
-0.6941185 -0.07410273 0.2669547 0.6644123
0.9998887 -0.009296296 -0.001052707 0.0116222
0.9996793 0.0224748 -0.0006829393 0.01164978
0.9966373 0.0148963 0.08057471 -1.568318E-05
0.9994431 0.03246317 -0.001052238 0.007657595
0.9994003 0.03375429 -0.001042345 0.007658948
-0.9803524 -0.03156889 0.194712 3.320185E-05
0.9907591 0 -0.03889951 0.1299353
0.9774726 0 -0.1350824 -0.1621731
0.09122524 0.5687164 2.471643
0.9976882 -0.05233158 -0.04112547 -0.01372828
0.9951506 -0.04159291 -0.08535668 -0.02568851
0.9933369 0.05805561 -0.09561065 0.02774784
-0.7483642 0.08146017 0.0260637 -0.6577507
-0.7758538 0.08445245 -0.1335558 -0.610804
-0.7339481 0.03479186 -0.09681854 -0.6713688
-0.7881194 -0.08578757 0.09214083 0.60251
-0.7478477 -0.08140396 0.2978736 0.5876806
-0.6997309 -0.07616639 0.3182626 0.6350467
0.9990376 -0.0076981 -0.04118109 0.01299363
0.9988391 0.02134838 -0.04078595 0.01418532
0.9982768 0.01279591 0.05726748 -0.0005274573
0.9977983 0.04926414 -0.04327952 0.009927756
0.9977983 0.04926414 -0.04327952 0.009927756
0.9676841 0.03402904 -0.2498551 -0.001402703
0.9887016 0 -0.05288936 0.1402566
0.9723648 0 -0.1618982 -0.1682132
0.09984514 0.5651021 2.468426
0.9954692 -0.0588573 -0.07258075 -0.01758127
0.9917096 -0.05066431 -0.1147001 -0.02809316
0.9895135 -0.0201477 -0.1393388 0.03227691
-0.7465915 0.08634995 0.02291039 -0.6592572
-0.7704144 0.08910528 -0.1452352 -0.6143523
-0.6979339 0.05727638 -0.139976 -0.7000105
-0.7828799 -0.09054703 0.1106018 0.6055307
-0.7403545 -0.08562858 0.3174631 0.5863108
-0.6842544 -0.09320902 0.3278466 0.6446899
0.9971966 -0.008125938 -0.0727067 0.01570986
0.9969479 0.02142479 -0.07268856 0.01876932
0.9992171 0.01519192 0.03651364 -0.00110766
0.9950429 0.06482948 -0.07516177 0.006135223
0.9950429 0.06482948 -0.07516177 0.006135223
0.9584448 0.02757062 -0.2839358 -0.002010204
0.9867075 0 -0.0543095 0.1531628
0.970868 0 -0.1710886 -0.1677618
0.1086517 0.5621851 2.464847
0.9932198 -0.06513789 -0.09503054 -0.01551622
0.9912407 -0.055603 -0.1167103 -0.02699786
-0.987239 0.08515135 0.1339795 -0.01256673
-0.7456579 0.08779493 0.01775375 -0.6602811
-0.7673706 0.09035143 -0.1557224 -0.61541
-0.6799603 0.06803679 -0.165265 -0.7111346
-0.7798127 -0.09181637 0.1203449 0.6074364
-0.7347456 -0.08651011 0.3287642 0.5870085
-0.663258 -0.107188 0.3311417 0.662529
0.9953203 -0.008868855 -0.09523151 0.01378074
0.9951091 0.02233589 -0.09475272 0.0167592
0.9996902 0.01843301 0.01663446 -0.001763657
0.993224 0.06340875 -0.09700035 0.008754964
0.993224 0.06340875 -0.09700035 0.008754964
0.952356 0.0401344 -0.3023123 -0.003840029
0.9852819 0 -0.0523524 0.1627232
0.9702024 0 -0.1750852 -0.1674889
0.1165037 0.5599414 2.461403
0.9916807 -0.0702903 -0.1070375 -0.01310354
0.9911474 -0.05883799 -0.1164856 -0.02441439
-0.9836353 0.1093039 0.1424869 -0.01455143
-0.7450207 0.08755926 0.01072172 -0.6611827
-0.7641911 0.08981231 -0.1704019 -0.6155558
-0.667503 0.06750951 -0.1842864 -0.7182763
-0.77695 -0.09131178 0.1246018 0.6103157
-0.7285981 -0.08562919 0.3288023 0.5947281
-0.6280736 -0.1160323 0.3276204 0.6962218
0.9941316 -0.009286859 -0.1073021 0.01011983
0.9938809 0.0241792 -0.1069007 0.0137257
0.9997508 0.02211736 0.0018801 -0.002387248
0.9928504 0.05198296 -0.1071638 0.007857876
0.9928504 0.05198296 -0.1071638 0.007857876
0.9448966 0.02843397 -0.3261173 -0.003069034
0.9844664 0 -0.04850191 0.1687407
0.9698344 0 -0.1771849 -0.1674122
0.1222619 0.5581891 2.458818
0.9908231 -0.07278321 -0.1132487 -0.01212401
0.9912429 -0.06045461 -0.1152359 -0.02244161
-0.9851846 0.1014827 0.138006 -0.008191459
-0.7458177 0.08670413 0.001299017 -0.6604822
-0.7610226 0.08847174 -0.1870969 -0.614827
-0.6553702 0.04817379 -0.1905476 -0.729288
-0.7739425 -0.08997371 0.1256313 0.6141129
-0.7258551 -0.08438339 0.3309935 0.5970404
-0.6121342 -0.1238807 0.3244849 0.7103907
0.9934517 -0.01008327 -0.1135491 0.0076727
0.9931558 0.02625823 -0.1131925 0.01182054
-0.9996212 -0.02537462 0.01025166 0.002900119
0.992475 0.04571199 -0.1134375 0.005983635
0.992475 0.04571199 -0.1134375 0.005983635
0.9513747 0.01750399 -0.3075321 -0.002000664
0.9836696 0 -0.04264526 0.1748587
0.9695944 0 -0.1792582 -0.166593
0.1259173 0.5573074 2.456642
0.9904012 -0.07316286 -0.1165916 -0.01261492
-0.9917422 0.05953464 0.1115017 0.02168723
0.9869922 -0.09609195 -0.1288157 0.00437789
-0.7484576 0.08414909 -0.007117992 -0.6577838
-0.7593732 0.08537634 -0.1947713 -0.6149207
-0.649667 0.02732965 -0.1857651 -0.7366664
-0.7713779 -0.08672603 0.1237347 0.6181784
-0.7244142 -0.0814459 0.3293434 0.6001029
-0.603385 -0.1232916 0.3220582 0.7190301
0.9930742 -0.010267 -0.1169063 0.005588955
0.9927266 0.02820897 -0.116602 0.01011331
-0.9995071 -0.02766774 0.01447793 0.003256965
0.9923592 0.03944 -0.1168221 0.004529799
0.9923592 0.03944 -0.1168221 0.004529799
0.9737999 0.02228146 -0.2262973 -0.002623008
0.982834 0 -0.03536503 0.1810711
0.9696181 0 -0.1783969 -0.1673775
0.1283365 0.5568523 2.454663
0.9907007 -0.07234126 -0.1144686 -0.01326349
-0.992628 0.056702 0.1051244 0.02057664
0.9868887 -0.08852848 -0.1347738 -0.007039535
-0.7517796 0.07961711 -0.01298288 -0.6544617
-0.7577657 0.08025108 -0.1971891 -0.6168205
-0.65388 0.01894525 -0.182929 -0.7339069
-0.7693355 -0.08147638 0.120438 0.6220766
-0.7239726 -0.07667223 0.3247641 0.6037495
-0.592466 -0.1215587 0.3164837 0.7307846
0.9933434 -0.00917841 -0.1147739 0.003408193
0.9929203 0.0304068 -0.114547 0.00797844
-0.9994524 -0.02975241 0.01407406 0.003437644
0.9928403 0.03323465 -0.1147158 0.00198631
0.9928403 0.03323465 -0.1147158 0.00198631
0.9689773 0.01948531 -0.2463703 -0.002251392
0.9823776 0 -0.02707686 0.1849354
0.9702112 0 -0.1738829 -0.1686859
0.1297877 0.5567195 2.452773
0.991333 -0.07063889 -0.1099263 -0.01361074
-0.9935953 0.052952 0.09803014 0.01883098
0.9900795 -0.07789093 -0.1169353 -0.001337719
-0.7549447 0.0744842 -0.01694322 -0.6513245
-0.7565581 0.07464339 -0.1982149 -0.6186752
-0.6644368 0.01664447 -0.1815877 -0.724757
-0.7673907 -0.07571215 0.1161339 0.6260128
-0.7244405 -0.0714746 0.3181664 0.6073282
-0.5854165 -0.1203234 0.3077477 0.7403386
0.9938709 -0.00852858 -0.1102077 0.001486606
0.9933427 0.03350247 -0.1100463 0.006145144
0.999407 0.03230082 -0.0113821 -0.003581754
0.9935116 0.02822029 -0.1101679 -0.001161561
0.9935116 0.02822029 -0.1101679 -0.001161561
0.9707074 0.02052956 -0.2393754 -0.002276469
0.9820777 0 -0.01954971 0.1874599
0.9711418 0 -0.1674864 -0.1697996
0.1305367 0.5567878 2.451099
0.9920605 -0.06843309 -0.1046524 -0.0134479
-0.9943218 0.0490462 0.09299381 0.01645408
0.9856347 -0.07479772 -0.1500395 -0.02044053
-0.7572489 0.07082154 -0.01895124 -0.6489988
-0.7557499 0.07068136 -0.1983152 -0.6200947
-0.6727496 0.01480404 -0.1794996 -0.7176134
-0.7657329 -0.071615 0.112296 0.629217
-0.7250243 -0.06780775 0.3124469 0.6100155
-0.5808598 -0.1204573 0.2996631 0.7471908
0.9944514 -0.007841197 -0.1049046 -0.0001400466
0.993812 0.0365064 -0.1048065 0.004537496
0.9993678 0.03455753 -0.007520259 -0.003645472
0.9941775 0.02439968 -0.1048757 -0.004100153
0.994144 0.02572908 -0.1048811 -0.003959908
0.9703166 0.02188505 -0.2408349 -0.002308653
0.9818006 0 -0.01615371 0.1892264
0.9721414 0 -0.1609146 -0.1704337
0.1306213 0.5569955 2.44958
0.9927029 -0.06631452 -0.09986032 -0.01308892
-0.9947914 0.04609146 0.08975462 0.01447898
0.9869561 -0.06297928 -0.1470123 -0.01840642
-0.7588379 0.06846569 -0.01888837 -0.6473953
-0.7552461 0.06814162 -0.1978308 -0.6211466
-0.6782054 0.008974221 -0.1735365 -0.7140323
-0.7644894 -0.06897558 0.1086735 0.6316553
-0.7250859 -0.06542043 0.3081643 0.6123768
-0.5763642 -0.1245665 0.2909566 0.7534134
0.9949545 -0.006866305 -0.1000868 -0.000997749
0.9942195 0.0389074 -0.1000129 0.003338357
0.9993246 0.03629345 -0.004453389 -0.003650917
0.9947158 0.02184597 -0.1000628 -0.007127076
0.9945145 0.02962405 -0.1001155 -0.006344361
0.9691486 0.02401132 -0.2452931 -0.002415403
0.9817075 0 -0.01434062 0.1898549
0.9728029 0 -0.1563998 -0.1708614
0.1301941 0.5573339 2.448139
0.9932765 -0.06460423 -0.09520268 -0.01283215
-0.9950731 0.04428623 0.08771721 0.01319103
0.9866138 -0.07581628 -0.1440037 -0.01040379
-0.7599477 0.06699029 -0.01815543 -0.646268
-0.7549521 0.06654992 -0.1971318 -0.6218984
-0.6835801 0.008568231 -0.1713426 -0.709427
-0.7634295 -0.06729722 0.1060879 0.633555
-0.7245472 -0.06386969 0.3057857 0.6143672
-0.5773209 -0.1270116 0.2855177 0.754353
0.9954208 -0.005727659 -0.09540821 -0.00143388
0.9945948 0.04094514 -0.09537052 0.003040546
0.99928 0.03773756 -0.001522175 -0.003617036
0.9951743 0.02038755 -0.09538458 -0.01068974
0.9948025 0.03399123 -0.09552182 -0.009384683
0.9694222 0.02745755 -0.2438441 -0.002631727
0.9817793 0 -0.01361646 0.1895363
0.9731788 0 -0.1532976 -0.171531
0.1294861 0.5577211 2.446889
0.9937041 -0.06342105 -0.09147783 -0.0127182
-0.9952298 0.04334824 0.08650407 0.01247351
0.9869668 -0.05665015 -0.1501065 -0.01246714
-0.7608421 0.06613126 -0.0175116 -0.6453211
-0.7547909 0.06560529 -0.1963801 -0.622432
-0.6868993 0.008350871 -0.1696353 -0.7066284
-0.7625389 -0.06627873 0.1043578 0.6350204
-0.7242996 -0.06295503 0.3040264 0.6156255
-0.5820282 -0.1294097 0.2807458 0.7521157
0.9957794 -0.004419466 -0.09166887 -0.0008479832
0.9948933 0.04223075 -0.09160797 0.003446999
0.9992408 0.03878749 0.0008477753 -0.003570676
0.9954969 0.01990844 -0.09164287 -0.01383058
0.9949749 0.03788622 -0.09187774 -0.01217303
0.9693726 0.03068523 -0.2436539 -0.002824803
0.9818903 0 -0.01327353 0.188985
0.9733348 0 -0.1514816 -0.1722575
0.1287123 0.5581193 2.445823
0.9940233 -0.06252153 -0.08859528 -0.01263607
-0.9953145 0.04283901 0.08583441 0.01209215
0.9924418 -0.06954518 -0.1006832 0.009258701
-0.7614061 0.0656625 -0.01676669 -0.6447233
-0.7547224 0.0650861 -0.1959717 -0.6226982
-0.6860546 0.006987137 -0.1686923 -0.7076885
-0.7618612 -0.06570175 0.1031411 0.6360918
-0.7244828 -0.06247829 0.3024952 0.6162124
-0.585763 -0.1314413 0.2768337 0.7503119
0.9960453 -0.003543058 -0.0887755 -0.0002697773
0.9951063 0.0433838 -0.08868965 0.003912667
0.9992012 0.03969891 0.002899426 -0.003538283
0.9957345 0.02000613 -0.08874779 -0.01537788
0.9951073 0.04060546 -0.08904698 -0.01353823
0.9696126 0.03306895 -0.2423822 -0.002947369
0.9819736 0 -0.01348689 0.1885362
0.9734081 0 -0.1501714 -0.1729891
0.1277294 0.5584709 2.444808
0.9942408 -0.06179764 -0.08663166 -0.01270058
-0.9953657 0.04260134 0.08535969 0.01208434
0.9886266 -0.06754783 -0.1342985 0.004324212
-0.7617763 0.06532776 -0.01595798 -0.6443403
-0.7545149 0.06470504 -0.1957626 -0.623055
-0.6857403 0.007412655 -0.1691693 -0.7078751
-0.7614324 -0.06529827 0.1020331 0.6368251
-0.7248135 -0.06215793 0.3013369 0.6164235
-0.5887702 -0.1335087 0.2734758 0.7488231
0.9962209 -0.002948585 -0.0868042 0.0005155227
0.9952297 0.0445255 -0.08668102 0.004651228
0.9991599 0.04064473 0.003856689 -0.003541517
0.9959013 0.02007861 -0.08677635 -0.01572693
0.9951752 0.04299924 -0.08711539 -0.01372515
0.9697562 0.03531864 -0.2414873 -0.003077436
0.9820729 0 -0.01382476 0.1879938
0.9734738 0 -0.1490195 -0.173614
0.1243995 0.5577188 2.437675
0.9952829 -0.05682077 -0.07740936 -0.01382452
0.9960896 -0.03880399 -0.07817226 -0.01374141
-0.9897177 0.06209362 0.128396 -0.01084612
-0.7614578 0.05975847 -0.002201641 -0.6454503
-0.7546369 0.05922317 -0.1904851 -0.6250849
-0.6947625 0.03143085 -0.1857219 -0.6941357
-0.7637781 -0.05994056 0.08522413 0.6370142
-0.7273256 -0.05707982 0.2899372 0.6194156
-0.6234213 -0.09708201 0.280829 0.7232261
0.9966817 -0.01769884 -0.07751814 0.01741664
0.9946342 0.06625998 -0.07577698 0.02387994
-0.997576 -0.06632471 -0.02040999 0.005158357
0.9966134 0.007551325 -0.07751283 -0.0263927
0.9943278 0.06787809 -0.07896859 -0.02165121
-0.9739333 -0.06109909 0.2183998 0.004752051
0.9826314 0 -0.006422917 0.185457
0.9743151 0 -0.1430445 -0.1739207
0.1187791 0.5541971 2.392002
0.9959192 -0.03770926 -0.08130646 -0.01059481
-0.9975178 0.01986929 0.06659977 0.01131677
0.9905022 -0.05784496 -0.1123444 0.05420398
-0.7612525 0.05082519 0.02926731 -0.6457978
-0.7577229 0.05058953 -0.1637561 -0.6296672
-0.7077842 0.06069398 -0.1891079 -0.6779352
-0.7812514 -0.05216043 0.07418343 0.6175941
-0.7447563 -0.04972382 0.2886929 0.5996017
-0.7152631 -0.04519777 0.3039269 0.627682
0.9720588 -0.2228993 -0.06407116 0.03623218
0.9966493 0.0356715 -0.05254205 0.0515482
-0.9924164 -0.03948732 0.1162874 -0.005273034
0.9952485 0.05345911 -0.08125171 -0.004561598
0.9926397 0.08968768 -0.08136397 -0.001597984
0.968018 0.07997022 -0.2377044 -0.006528738
0.9839524 0 -0.001539146 0.1784244
0.9768219 0 -0.1256336 -0.1733069
0.08966418 0.5391636 2.246855
0.9960663 0.009753604 -0.08802957 -0.002769585
-0.997818 -0.02944018 0.05907002 0.001837798
0.982242 -0.06190803 -0.1559641 0.08392434
-0.7530704 0.0445811 0.1015053 -0.6485325
-0.7611781 0.04506107 -0.07533798 -0.6425743
-0.72565 0.05885407 -0.09637673 -0.6787344
-0.7837242 -0.04639578 0.2376895 0.5719506
-0.7085193 -0.04194373 0.4899184 0.5061829
-0.6828583 -0.07423944 0.4809659 0.5448532
0.9247092 -0.3748432 -0.06635074 -0.001788591
0.9619026 -0.2652128 -0.06611132 0.005908733
-0.959271 0.2612056 0.1050614 -0.02308461
0.9818655 0.1679325 -0.08677454 0.01446339
0.9792082 0.1827905 -0.08654543 0.01577654
-0.9605051 -0.1787918 0.2126358 0.01580091
0.9877448 0 -0.008854441 0.1558261
0.9828409 0 -0.1042251 -0.1521871
0.01034954 0.5481802 1.984252
0.978697 0.04124992 -0.2011066 -0.00261799
-0.985565 -0.06108033 0.1578536 0.003618556
0.9708085 -0.1736806 -0.1547741 0.05840256
-0.731162 0.1142941 0.1930994 -0.644245
-0.7567636 0.1182961 0.08624417 -0.6370846
-0.6809549 0.07632402 0.121763 -0.7180868
-0.7674331 -0.1199639 0.4808979 0.4066845
-0.5185145 -0.08105338 0.7888005 0.3199481
0.4676193 0.04883065 -0.8236947 -0.3169779
0.9084703 -0.3958799 -0.1293553 0.03504994
0.9742553 -0.1812893 -0.11815 0.06326027
-0.9371713 0.1729452 0.2991815 -0.0478613
0.9665495 0.1458 -0.204806 0.05078644
0.925339 0.3149971 -0.1925439 0.0863226
-0.8891778 -0.314614 0.3318444 0.0161367
0.9860454 0 -0.0598065 0.1553633
0.9598035 0 -0.2441997 -0.1383612
-0.08944029 0.5617515 1.714162
0.9768054 0.03462297 -0.2112825 -0.003504952
-0.9792377 -0.06402256 0.1922864 0.004546647
-0.948478 0.1816412 0.257721 -0.0312404
-0.7112946 0.1396719 0.1678986 -0.6681032
-0.767735 0.1507547 -0.1468495 -0.60522
-0.7430988 0.1851142 -0.1960203 -0.6124647
-0.8106727 -0.1591861 0.3369079 0.4516222
-0.6485179 -0.1273449 0.5263081 0.5349838
-0.6819192 -0.1670615 0.4788384 0.5270586
0.9136549 -0.3769582 -0.1256151 0.08578051
0.9882031 -0.01781701 -0.08568329 0.1256815
-0.9355107 0.02205526 0.3463725 -0.06602763
0.9720103 -0.1176054 -0.2021381 0.02248593
0.9731794 0.1075025 -0.1916598 0.06805836
-0.9453167 -0.08839161 0.3139461 0.001288532
0.9854258 0 -0.1279714 0.1120688
0.9580688 0 -0.2494831 -0.1409341
-0.2189223 0.6216124 1.351664
0.9529847 -0.001556945 -0.3030129 0.000962262
0.9633837 -0.009697927 -0.2679191 -0.004153421
-0.9083019 0.1819167 0.3742314 -0.04294973
-0.6991728 0.1944413 0.1149362 -0.6783359
-0.710023 0.1974588 -0.3391938 -0.584658
-0.701276 0.374136 -0.5111822 -0.3269972
-0.8588234 -0.2388404 0.2387243 0.3852121
-0.7216175 -0.2006832 0.4985715 0.4363725
-0.6916819 -0.2096611 0.5064623 0.4702281
0.9211071 -0.2849938 -0.2449813 0.1016098
0.9563078 -0.1230244 -0.2239587 0.1420665
-0.8667572 0.1216038 0.4733731 -0.09931106
0.9439066 -0.154541 -0.2915274 0.01300365
0.9544586 -0.06205991 -0.288883 0.04127902
-0.8969036 0.04060575 0.4401685 -0.01291116
0.9677828 0 -0.2356481 0.08869337
0.9432286 0 -0.2845536 -0.1713158
-0.3595546 0.6786162 1.06206
0.8617089 -0.0674253 -0.5018935 0.03185274
-0.8841714 0.04820944 0.4641289 -0.02238543
-0.8947549 0.2037871 0.3957662 -0.03540101
-0.7017337 0.2004824 0.01248708 -0.6835355
-0.8209869 0.1278123 -0.4536361 -0.3222714
-0.9271046 -0.08636498 0.004192877 -0.3646929
-0.6361191 -0.1817365 0.6845684 0.306089
0.2534909 0.2784059 -0.8985678 0.2254076
0.09299986 -0.01446572 -0.9496313 0.2989023
0.8324009 -0.3030865 -0.4491542 0.1162243
0.8544575 -0.2337841 -0.4381068 0.1526762
-0.7053368 0.2021639 0.6656563 -0.1361308
0.8582566 -0.1080067 -0.4980227 0.0608579
0.8635924 -0.04977867 -0.4927736 0.09436381
-0.7389733 0.03756917 0.6717221 -0.03600918
0.9855771 0 -0.142051 0.09197461
0.9155832 0 -0.3583337 -0.1824951
-0.5180297 0.6395072 0.9572053
0.9975339 0.005192509 -0.06364255 -0.02913695
-0.9934434 -0.02996946 0.1079489 0.02278774
-0.9371989 0.09677614 0.2505935 -0.2224761
-0.5664054 0.1499262 -0.4205741 -0.6926937
-0.2832881 0.08902505 -0.9197066 -0.2568312
-0.1199983 0.0294484 -0.9506045 -0.2847529
-0.5120342 -0.1355343 0.7425883 0.4098951
-0.7591693 -0.2009504 0.1369581 0.6037577
-0.7814924 -0.2472076 0.07499149 0.567921
0.9270262 0.2415721 -0.000534276 -0.2868197
0.3983211 0.8712491 -0.2226862 -0.1807669
-0.2725311 -0.8041332 0.3872964 0.3593029
0.9347875 -0.1168541 -0.0180859 0.3349488
0.941732 -0.02496669 0.01472499 0.3351134
-0.9283734 -0.03490673 0.2418422 -0.2800307
0.9956496 0 -0.08749502 0.03203912
0.9004562 0 -0.3401209 -0.271102
-0.3660244 0.5742031 0.8204645
0.9839745 -0.00804392 -0.1415952 0.1080757
0.9886006 0.01328093 -0.09568966 0.115482
-0.8246138 -0.2647637 -0.4054016 -0.2925091
0.4851346 0.1260144 0.8640258 -0.04716181
0.7289706 -0.3254107 0.122756 -0.5896106
0.5330479 -0.4173432 -0.02394638 -0.7356026
0.6374649 -0.1655823 -0.6461949 -0.3855557
0.7449289 -0.1934963 -0.02743134 -0.6378775
0.8287909 -0.1072983 0.148206 -0.5287987
0.9097607 0.3870176 0.03864542 -0.1451197
0.8732815 0.4634937 0.02607776 -0.1478958
-0.8901597 -0.4389756 -0.1045286 0.06316917
0.990026 0.04816559 -0.1322415 -0.006402662
0.9786488 0.1572196 -0.1321395 0.008242628
0.9890109 0.1430844 0.03611717 -0.008952027
0.9920011 0 -0.124789 0.01901493
0.7837209 0 0.5605462 -0.267525
-0.3735732 0.4858422 0.8167922
0.991176 -0.06373505 -0.03864325 0.109612
0.9883719 -0.02469492 0.01036605 0.1496788
-0.772006 -0.4578273 -0.4272106 -0.1090506
0.5074487 0.1199104 0.8324131 0.187632
0.7645567 -0.1601342 0.1392187 -0.6086281
0.5651351 -0.2345833 0.05875363 -0.7887592
0.6704004 -0.158416 -0.6578868 -0.304389
0.7215787 -0.1705094 -0.2601067 -0.6185429
0.9046667 -0.1902361 -0.04745178 -0.3783341
0.884619 0.4461788 0.1173134 -0.06790962
0.8657261 0.4818138 0.1144523 -0.07262811
0.8509113 0.4613515 0.2505621 -0.01798684
0.9946728 -0.08298893 -0.05351281 -0.02958945
0.9946728 -0.08298893 -0.05351281 -0.02958945
0.9786277 -0.01790064 0.2041564 -0.01696819
0.9535483 0 -0.2996844 -0.03057788
0.751182 0 0.6460141 -0.1356146
-0.3771921 0.4513571 0.8176566
0.9881998 -0.07624732 -0.04920306 0.1233967
0.9858382 -0.03832136 0.0008588649 0.1632603
0.7854583 0.3662555 0.4624366 0.1872553
0.4695331 0.1798279 0.8108035 0.2996636
0.6636475 0.04687296 0.4162028 -0.6197984
-0.646512 0.3953524 -0.1259043 0.6402084
0.6557605 -0.2511517 -0.6928885 -0.1637265
0.721902 -0.2764835 -0.1600588 -0.6138368
0.7347432 -0.2798723 -0.1542286 -0.5983624
0.8608074 0.4787945 0.1512871 -0.08294057
0.816938 0.5503142 0.1436799 -0.09551456
0.7721668 0.5149801 0.371154 0.02826803
0.995856 -0.06489284 -0.05452167 0.032978
0.995856 -0.06489284 -0.05452167 0.032978
0.9777578 -0.01396856 0.206146 0.0360384
0.9717155 0 -0.2340114 -0.03174388
0.7166021 0 0.6772067 -0.1669506
-0.3727092 0.4174293 0.8248917
0.9851488 -0.087019 -0.05442404 0.1376503
0.9828167 -0.05183499 -0.003544914 0.1771216
0.7873325 0.3273271 0.4754684 0.2165513
0.4361457 0.2446991 0.8554527 0.1345366
0.6580601 0.06409941 0.4194028 -0.6220528
-0.6773663 0.3604144 -0.1103802 0.6317382
0.6507265 -0.3650895 -0.6493427 -0.1470336
0.6532966 -0.3665314 -0.1531526 -0.6445173
0.7122409 -0.3551193 -0.09162949 -0.5985042
0.8493541 0.5029109 0.1537832 -0.04504491
0.8310381 0.5326326 0.1520941 -0.05045508
0.7748666 0.4993881 0.3827176 0.0609974
0.9928455 -0.07236832 -0.05756056 0.07554822
0.9928455 -0.07236832 -0.05756056 0.07554822
-0.9773614 0.0378256 -0.2039094 -0.04189282
0.9891346 0 -0.1457167 0.01947947
0.6906941 0 0.6739308 -0.2622195
-0.3594515 0.3932961 0.8634151
0.9867678 -0.06390083 0.006819211 0.1488608
0.9827158 -0.03748848 0.05555342 0.172563
-0.7613268 -0.3739851 -0.5047336 -0.1605012
0.4562026 0.2754579 0.8433573 0.06892338
0.4900051 -0.06590862 0.7201874 -0.4867045
-0.6947918 0.4297545 -0.4147633 0.4006831
0.6092398 -0.3678628 -0.6847213 -0.1570372
0.6436741 -0.3886544 -0.1602694 -0.6394882
0.8055837 -0.377182 0.04055346 -0.4551089
0.8374776 0.5127211 0.1865057 -0.03105418
0.8335143 0.5191392 0.1862617 -0.03248594
-0.7529811 -0.5029343 -0.4194293 -0.06446828
0.9908642 -0.08878282 -0.001198349 0.1015128
0.9908642 -0.08878282 -0.001198349 0.1015128
-0.9631485 0.04706471 -0.2596247 -0.05220371
0.9686798 0 -0.2450153 0.04033523
0.7237895 0 0.6555119 -0.2154833
