0.1132757 0.5634169 2.501963
0.1229124 0.8625928 2.550942
0.1317671 1.1544 2.586891
0.1318971 1.288591 2.60646
-0.01480204 1.027644 2.584464
-0.05282468 0.7868868 2.551277
-0.07940093 0.5850384 2.456844
-0.07762939 0.5390106 2.440559
0.2625437 1.031955 2.53534
0.3037414 0.7914165 2.510885
0.307752 0.5928635 2.421102
0.2962079 0.5472637 2.415928
0.0473354 0.5690871 2.477203
0.04240492 0.2625355 2.447386
0.05382324 -0.09591497 2.455187
0.05199526 -0.09784076 2.369378
0.1760531 0.5700511 2.45571
0.1906564 0.2537445 2.458891
0.1796174 -0.08227138 2.479449
0.1626325 -0.08826701 2.372327
0.1297056 1.082391 2.580243
-0.09452843 0.4733847 2.411648
-0.1241656 0.5315883 2.428817
0.3149778 0.4826399 2.393448
0.3349392 0.5309605 2.40144
0.1132199 0.5632979 2.502627
0.1228586 0.8625231 2.551477
0.1317067 1.154367 2.587316
0.1319631 1.288578 2.606918
-0.01487375 1.027678 2.58488
-0.05295478 0.7868388 2.551851
-0.07966269 0.5853807 2.457691
-0.07771144 0.5390682 2.441175
0.262543 1.031825 2.535883
0.3035491 0.7914002 2.511299
0.3078395 0.5927925 2.42173
0.2958982 0.546863 2.416819
0.04728435 0.5690179 2.477725
0.04239653 0.2625678 2.447644
0.0542588 -0.1096161 2.455503
0.05818073 -0.1110921 2.379685
0.1759874 0.5698792 2.456504
0.1905697 0.2533659 2.459345
0.1796668 -0.07987786 2.479344
0.1628654 -0.08589381 2.369939
0.1296451 1.08235 2.580696
-0.08957961 0.4716148 2.41433
-0.1240558 0.5295895 2.430058
0.3113372 0.4846159 2.396246
0.333808 0.5290754 2.40285
0.1131745 0.5631974 2.503183
0.1228189 0.8624652 2.551909
0.1316656 1.154341 2.587629
0.1320242 1.288563 2.607258
-0.01492587 1.027704 2.585178
-0.05306272 0.7867927 2.552301
-0.07984202 0.5856078 2.458295
-0.07766745 0.539023 2.44162
0.2625348 1.031715 2.536323
0.3033797 0.7913793 2.511654
0.3078827 0.5933216 2.422643
0.2954483 0.5472577 2.417175
0.04724053 0.5689538 2.478189
0.04236551 0.2626537 2.447897
0.05346983 -0.08487944 2.45501
0.04708794 -0.08700328 2.36121
0.1759365 0.5697439 2.457136
0.1905049 0.253182 2.45957
0.1797173 -0.07789036 2.479257
0.1631001 -0.08394877 2.368269
0.1296035 1.082317 2.58104
-0.08049268 0.4664092 2.419075
-0.1233429 0.5294794 2.431293
0.3100555 0.4850366 2.397066
0.3296679 0.5385988 2.401517
0.1131527 0.5631161 2.503567
0.1227962 0.8624215 2.552214
0.1316397 1.154327 2.587842
0.1320809 1.288554 2.607502
-0.01494828 1.027695 2.585308
-0.05314662 0.7867441 2.552573
-0.0799307 0.5856915 2.458668
-0.07754281 0.5388206 2.441835
0.2625274 1.031624 2.536634
0.3032327 0.7913633 2.511941
0.307919 0.5936879 2.423117
0.2947044 0.547914 2.417
0.04721628 0.5689031 2.478494
0.04233243 0.2627117 2.448119
0.0530738 -0.07277433 2.454795
0.04189587 -0.07517623 2.352087
0.1759151 0.5696392 2.457564
0.1904433 0.2530645 2.459717
0.1787515 -0.1074571 2.481055
0.1614106 -0.111684 2.400139
0.1295784 1.082296 2.581276
-0.07514944 0.4637044 2.420567
-0.1228213 0.5290758 2.432383
0.3082679 0.4854191 2.397071
0.3262975 0.5461134 2.39831
0.1131349 0.563072 2.503789
0.122782 0.862398 2.552394
0.1316371 1.154325 2.587971
0.1321353 1.288551 2.607664
-0.01495352 1.027687 2.585228
-0.05326081 0.7867302 2.552686
-0.07995079 0.5857401 2.458803
-0.07728334 0.5384666 2.441511
0.2625186 1.031577 2.536826
0.3031102 0.7913575 2.512115
0.3078504 0.5935961 2.423219
0.2938583 0.5481362 2.416583
0.04719932 0.5688768 2.478666
0.04229498 0.262759 2.448267
0.05288913 -0.0670281 2.454702
0.03944158 -0.06955238 2.347475
0.175896 0.5695805 2.457818
0.1902774 0.2531891 2.459572
0.1782488 -0.1239604 2.482106
0.1607126 -0.1272769 2.417238
0.1295686 1.082287 2.581422
-0.07124067 0.4618692 2.421923
-0.1224405 0.5287726 2.432749
0.3069151 0.4856743 2.396992
0.3244693 0.5502599 2.396755
0.1131186 0.5630377 2.503914
0.1227568 0.8623986 2.552487
0.1315785 1.1544 2.587972
0.1322055 1.288552 2.607738
-0.0152489 1.027452 2.583801
-0.05374518 0.7868907 2.55198
-0.07997113 0.5850589 2.457005
-0.07737302 0.5376428 2.438392
0.2624733 1.03155 2.53693
0.3029832 0.7913728 2.512214
0.3077518 0.5936923 2.423288
0.2930689 0.5486356 2.416331
0.04717297 0.5688604 2.478647
0.04221963 0.2628074 2.448327
0.05276241 -0.06319268 2.45464
0.03805681 -0.06580102 2.344496
0.1758813 0.5695367 2.457997
0.1901182 0.2532744 2.459414
0.1780635 -0.1306155 2.482599
0.1603329 -0.1335834 2.424236
0.1295212 1.082336 2.581454
-0.06742003 0.459803 2.417854
-0.1226897 0.5284527 2.430703
0.3061497 0.4858519 2.397128
0.3231987 0.5533021 2.39565
0.1129498 0.562991 2.503503
0.1225374 0.8624629 2.552237
0.1312271 1.154605 2.587693
0.1322047 1.288555 2.607571
-0.01630005 1.027132 2.580132
-0.05636694 0.7869784 2.547192
-0.08131347 0.5840313 2.451575
-0.07973433 0.5370998 2.432394
0.262247 1.031476 2.536912
0.3026685 0.7913224 2.512214
0.307345 0.5940616 2.423326
0.2921443 0.5494753 2.416055
0.04691216 0.5688303 2.477693
0.04191934 0.2629456 2.448102
0.05264534 -0.0604 2.454566
0.0372557 -0.06315207 2.342428
0.1757774 0.5694927 2.457886
0.1900206 0.2532485 2.459394
0.1779885 -0.1344879 2.48299
0.1601838 -0.1372558 2.428427
0.1292139 1.082499 2.581194
-0.06757089 0.4593027 2.41159
-0.1273791 0.5265882 2.423981
0.3054369 0.4859146 2.39747
0.3219384 0.5573373 2.394644
0.1124454 0.5630001 2.50218
0.1217777 0.8625594 2.551402
0.1298888 1.15481 2.587001
0.131601 1.288128 2.606595
-0.01876138 1.027764 2.571809
-0.0623554 0.7866173 2.535784
-0.08469138 0.5846813 2.445784
-0.08579463 0.5384562 2.427625
0.2614859 1.031173 2.53697
0.3014342 0.7911995 2.512094
0.304851 0.6004058 2.424427
0.2909968 0.554904 2.415782
0.04607216 0.5690854 2.474676
0.04091448 0.2636615 2.446071
0.05250016 -0.05788156 2.454426
0.03710274 -0.06138914 2.340779
0.1755203 0.5694323 2.457467
0.1897032 0.2529685 2.459741
0.1780706 -0.1370368 2.4835
0.1602101 -0.1396801 2.431366
0.1280616 1.082674 2.580479
-0.09934364 0.4710216 2.401386
-0.1358813 0.5296738 2.420341
0.3053775 0.4874235 2.395763
0.3182111 0.5626777 2.388602
0.1112073 0.5630878 2.499719
0.1178982 0.8626845 2.548935
0.1204324 1.154993 2.584392
0.127583 1.286626 2.60353
-0.0269697 1.030034 2.557979
-0.07604413 0.7876804 2.519959
-0.1109821 0.592365 2.434673
-0.1200713 0.545278 2.419547
0.2557094 1.029758 2.537406
0.2930764 0.7892857 2.512104
0.3024475 0.60247 2.424819
0.2904632 0.5569388 2.41562
0.04404358 0.5698399 2.468556
0.03551414 0.2675405 2.43799
0.05211496 -0.05510925 2.453522
0.03834786 -0.06135103 2.338576
0.1748623 0.5692905 2.456884
0.1863227 0.2506854 2.460605
0.1785166 -0.1374646 2.483655
0.1594811 -0.1401543 2.431913
0.120277 1.082846 2.577868
-0.1445859 0.4827442 2.394635
-0.1680029 0.5407952 2.415558
0.3052764 0.487651 2.395812
0.3105109 0.561032 2.380754
0.1066672 0.5639889 2.496104
0.1065145 0.8643528 2.544224
0.101168 1.157483 2.578965
0.1163456 1.285761 2.597506
-0.04072556 1.033844 2.543681
-0.1019728 0.7926561 2.506535
-0.1459101 0.6090491 2.432834
-0.1665439 0.557303 2.420975
0.2415764 1.028778 2.537624
0.2760656 0.7891558 2.513215
0.2957838 0.6092204 2.428011
0.290016 0.5599951 2.415746
0.03788799 0.5720578 2.460576
0.03039754 0.2699658 2.432264
0.05208249 -0.06538191 2.451197
0.0433865 -0.07246213 2.335752
0.1716544 0.5693579 2.456279
0.1703709 0.2479268 2.441934
0.1719274 -0.1266788 2.415984
0.1647445 -0.1210644 2.334503
0.1029273 1.085138 2.572592
-0.192059 0.4922195 2.40047
-0.2041694 0.561159 2.415914
0.3059742 0.4892563 2.396837
0.308319 0.5660661 2.382986
0.09905203 0.5657984 2.492864
0.09251955 0.8664008 2.540639
0.08173202 1.159351 2.5754
0.10279 1.285503 2.591405
-0.05464371 1.037725 2.535635
-0.1195051 0.7967116 2.500418
-0.1657295 0.6188047 2.43364
-0.1917795 0.5615124 2.42289
0.2275019 1.027925 2.540015
0.2615431 0.7904932 2.518796
0.2924394 0.6101727 2.433211
0.2907014 0.5621373 2.423846
0.03061434 0.5745944 2.454462
0.02184635 0.27234 2.426874
0.05182054 -0.06990547 2.449599
0.04640503 -0.07804789 2.334117
0.1638453 0.5703454 2.456418
0.1566999 0.253348 2.372387
0.1623071 -0.08557133 2.21179
0.1606692 -0.04516087 2.126452
0.0847038 1.087085 2.56902
-0.2139537 0.4934379 2.404153
-0.2252646 0.5633889 2.419523
0.3107387 0.4883464 2.415505
0.3065445 0.5641156 2.386471
0.09151364 0.5677481 2.489558
0.08335575 0.8678451 2.538259
0.07218623 1.160402 2.573795
0.09189635 1.285389 2.586896
-0.06332438 1.039812 2.531366
-0.1287818 0.7986129 2.49748
-0.175193 0.6232743 2.434088
-0.2024054 0.5634676 2.423458
0.216663 1.027939 2.54234
0.2529531 0.7915468 2.523117
0.2896162 0.612538 2.440746
0.2906758 0.5656229 2.430367
0.0238216 0.5768556 2.449254
0.01540192 0.2731252 2.423639
0.0556329 -0.1104036 2.451324
0.05739021 -0.1164827 2.364555
0.15614 0.5717188 2.455807
0.1497826 0.2580064 2.298357
0.1568725 -0.06957995 2.06079
0.1595459 -0.01632225 1.987431
0.07513288 1.088224 2.567238
-0.2249513 0.4936368 2.409484
-0.2347145 0.5648311 2.421101
0.313066 0.4889478 2.42379
0.3077151 0.5751331 2.40449
0.08621572 0.5694258 2.486821
0.07699096 0.8687918 2.536341
0.06525028 1.160682 2.572468
0.08353903 1.285295 2.583541
-0.06967191 1.040878 2.528964
-0.1345221 0.799702 2.495665
-0.1810577 0.6260954 2.434425
-0.2082986 0.5638908 2.423754
0.2095607 1.028171 2.543491
0.2478884 0.7921805 2.525452
0.2877837 0.6149945 2.445243
0.2901927 0.5684652 2.433045
0.01913355 0.5785431 2.44553
0.01077978 0.2747546 2.421072
0.05549903 -0.1070646 2.450202
0.05904117 -0.1137309 2.357382
0.1507456 0.5731481 2.454729
0.1468097 0.2725814 2.239353
0.1518994 -0.03260455 1.952833
0.154095 0.02119712 1.895565
0.06831516 1.088666 2.565784
-0.2282192 0.4929569 2.410235
-0.2395629 0.5629866 2.422705
0.3140039 0.4894254 2.426797
0.307234 0.5917742 2.415077
0.08230479 0.5707511 2.484958
0.0725263 0.8694524 2.534803
0.06051467 1.160803 2.571051
0.07820288 1.285222 2.5806
-0.07432169 1.041443 2.527453
-0.1385051 0.8004364 2.494785
-0.1841227 0.6279598 2.435517
-0.2104202 0.5631497 2.424978
0.2047849 1.02841 2.543777
0.2445745 0.7925137 2.526704
0.2864243 0.6166663 2.447718
0.2889726 0.5707143 2.434734
0.01561534 0.5797454 2.442994
0.007771792 0.2759465 2.419241
0.05799739 -0.1248717 2.450579
0.06221775 -0.1303337 2.373957
0.1467047 0.574469 2.454017
0.1456944 0.3056825 2.1914
0.1488482 0.03730132 1.883601
0.1494939 0.09112044 1.836681
0.06364083 1.088914 2.564365
-0.2278059 0.492414 2.41309
-0.2414436 0.5594486 2.424702
0.3142423 0.4893187 2.429224
0.3065873 0.5943913 2.417459
0.07933339 0.5719842 2.48401
0.06953795 0.8699366 2.533756
0.05731978 1.160827 2.569605
0.07454976 1.285302 2.57748
-0.07739501 1.041991 2.526351
-0.141231 0.801167 2.494938
-0.1851495 0.6292264 2.437282
-0.2102934 0.561985 2.427028
0.201403 1.028612 2.5436
0.2420797 0.7929494 2.527579
0.2847316 0.616839 2.448924
0.2868497 0.571513 2.435649
0.01277993 0.580762 2.441496
0.005338245 0.2774829 2.417973
0.05917455 -0.1313491 2.449993
0.06323405 -0.1363094 2.379834
0.143706 0.5758839 2.45401
0.1482734 0.3545727 2.145962
0.1583273 0.1368049 1.814004
0.1563027 0.184792 1.782462
0.06049125 1.089078 2.563125
-0.2259652 0.4905346 2.41335
-0.2416761 0.5569941 2.426499
0.312549 0.4889911 2.430064
0.3057816 0.5968034 2.420106
0.07545371 0.5737872 2.483771
0.06723329 0.8702938 2.532944
0.05516382 1.160426 2.567964
0.07216303 1.285238 2.574936
-0.07966682 1.042297 2.525864
-0.1428817 0.8015707 2.496758
-0.1845729 0.62929 2.440756
-0.2069647 0.559448 2.433267
0.1989665 1.028794 2.543169
0.2402562 0.7933075 2.528288
0.2832663 0.6171684 2.450053
0.2854031 0.572311 2.436618
0.009014186 0.5819051 2.440651
0.003588005 0.2790953 2.417273
0.0600192 -0.1354638 2.449599
0.06396942 -0.1401035 2.383204
0.1397161 0.57846 2.454904
0.15343 0.4306627 2.147837
0.155417 0.2265187 1.753125
0.1538707 0.2649029 1.733265
0.05825225 1.088974 2.561898
-0.2225936 0.4879089 2.417822
-0.2401377 0.550914 2.433656
0.3109558 0.4887252 2.429919
0.3047325 0.5977179 2.421678
0.07315063 0.575271 2.483471
0.06541081 0.8705703 2.532125
0.05391162 1.159651 2.565995
0.07078456 1.284917 2.571965
-0.0812719 1.042419 2.525754
-0.1435772 0.8016855 2.499399
-0.1829354 0.6284225 2.445266
-0.2040632 0.5574669 2.436615
0.197211 1.028915 2.542283
0.2388792 0.7935221 2.528873
0.2819152 0.6165155 2.450142
0.2842146 0.571667 2.436391
0.006407481 0.5827903 2.439824
0.002610156 0.2810811 2.41664
0.06051639 -0.1381694 2.449517
0.06454604 -0.1426416 2.385393
0.1377186 0.5808123 2.455492
0.1576748 0.4959683 2.116406
0.1562299 0.3435352 1.702764
0.1542159 0.3692417 1.693298
0.05676732 1.088593 2.56042
-0.2184718 0.4848677 2.421414
-0.2384627 0.5488665 2.436314
0.3076547 0.4866058 2.430423
0.3037348 0.5973869 2.423758
0.07209527 0.5765657 2.48256
0.06433576 0.8708308 2.530871
0.05349322 1.158672 2.563492
0.07101924 1.283987 2.567688
-0.08252249 1.042287 2.525393
-0.1445381 0.8017218 2.499882
-0.1824872 0.6275917 2.446192
-0.2019824 0.5557689 2.434731
0.1959592 1.028509 2.540863
0.2378183 0.7936491 2.529322
0.2808623 0.6156819 2.449475
0.2832066 0.5670428 2.435056
0.004941186 0.5836074 2.43773
0.005021612 0.2828652 2.413237
0.06020365 -0.1385672 2.449617
0.06457004 -0.143466 2.386246
0.1371996 0.5828844 2.45552
0.162471 0.5495565 2.098218
0.1603516 0.4295595 1.694185
0.1587437 0.4468504 1.689059
0.0561855 1.08799 2.55825
-0.2140089 0.4819752 2.417431
-0.2364319 0.5468854 2.432985
0.3052109 0.4848217 2.431372
0.3041582 0.5654823 2.421066
0.07162035 0.5777738 2.481398
0.06364655 0.8709823 2.52879
0.05305487 1.157131 2.559541
0.07271498 1.282425 2.562374
-0.0835015 1.042068 2.524802
-0.1453722 0.8016762 2.499329
-0.1817837 0.6247221 2.439484
-0.198481 0.5549435 2.420739
0.1952003 1.027968 2.539737
0.2368523 0.7938174 2.529955
0.2803082 0.6134464 2.44889
0.2822498 0.5628977 2.437372
0.00401819 0.5843821 2.435103
0.007992709 0.2835665 2.410086
0.05969866 -0.1375426 2.449636
0.06433625 -0.1429476 2.386022
0.137249 0.5846421 2.45535
0.1623932 0.5450128 2.095836
0.1545364 0.403915 1.71309
0.1564318 0.42775 1.704264
0.05571689 1.086908 2.554705
-0.209016 0.4827378 2.403564
-0.2352436 0.5461652 2.421071
0.3033879 0.4824238 2.436784
0.3017874 0.5649881 2.428016
0.07115953 0.5785709 2.480621
0.06301358 0.8710178 2.526637
0.05256937 1.155744 2.55532
0.07199428 1.28103 2.554708
-0.08439677 1.042055 2.524189
-0.1459602 0.8021932 2.497808
-0.1804039 0.6242052 2.434872
-0.195029 0.5544457 2.415598
0.1946144 1.027872 2.538766
0.235878 0.7948635 2.531225
0.2797944 0.6114416 2.448786
0.2818304 0.5618618 2.439087
0.00332817 0.5848318 2.433597
0.0084529 0.2841643 2.409055
0.05960387 -0.1353226 2.449248
0.06400058 -0.1408208 2.386268
0.1369305 0.5857068 2.455166
0.1531717 0.4810131 2.155822
0.1389587 0.2520507 1.80722
0.1432794 0.2943224 1.77928
0.05520555 1.08587 2.550935
-0.2055801 0.4832969 2.3974
-0.2304338 0.5465524 2.412985
0.3026559 0.4825113 2.439268
0.3016615 0.5622649 2.430125
0.07059589 0.579047 2.479598
0.06219447 0.8710338 2.522482
0.05218473 1.155437 2.545962
0.06547194 1.281151 2.539779
-0.08570274 1.042552 2.522833
-0.1458039 0.8026615 2.496512
-0.1779736 0.6240938 2.43302
-0.1906069 0.5536535 2.414759
0.1933185 1.031313 2.53172
0.2372407 0.801353 2.528659
0.2800564 0.6139495 2.448804
0.2839914 0.5664274 2.438102
0.002770503 0.5850366 2.43275
0.008290495 0.2840191 2.409101
0.05970847 -0.1333186 2.449011
0.06346249 -0.1390242 2.38451
0.1362481 0.5864413 2.45337
0.1456954 0.3663009 2.205969
0.1390432 0.05945566 1.944397
0.1385898 0.1095109 1.88569
0.05469561 1.085503 2.542946
-0.2002819 0.481665 2.396115
-0.2272323 0.5445481 2.412112
0.3053276 0.4861619 2.438212
0.3069709 0.5757577 2.42424
0.07042636 0.5789951 2.478287
0.06197424 0.870835 2.516258
0.0526716 1.156128 2.532815
0.05891123 1.28257 2.525378
-0.08753808 1.043967 2.520755
-0.1448235 0.8033969 2.495435
-0.1755992 0.6241114 2.4324
-0.1871256 0.5533433 2.415774
0.1919697 1.037233 2.515052
0.2418522 0.8081064 2.517021
0.2815271 0.6182469 2.44638
0.2843182 0.5730967 2.432386
0.00258269 0.5848185 2.432183
0.006648128 0.2791494 2.413697
0.06039156 -0.1326247 2.448911
0.06368747 -0.1378055 2.383298
0.1360337 0.5863262 2.449808
0.1438064 0.2897969 2.283571
0.1437636 -0.05568998 2.15976
0.13872 -0.02184587 2.065321
0.05498989 1.085768 2.531542
-0.1962107 0.480705 2.399183
-0.2239994 0.5438004 2.4129
0.3076407 0.4924611 2.430653
0.3107625 0.597455 2.411034
0.07128605 0.5785494 2.476798
0.0632119 0.8708738 2.510627
0.05448503 1.157344 2.523909
0.05514109 1.28429 2.516053
-0.08860319 1.045701 2.519351
-0.1429404 0.8038504 2.495635
-0.1722293 0.624154 2.435606
-0.1831821 0.5529622 2.425421
0.1927329 1.041733 2.498157
0.2484178 0.8108928 2.497339
0.2839878 0.6237426 2.435879
0.2814143 0.5787234 2.421215
0.003729954 0.5839153 2.432244
0.007225174 0.2793846 2.41812
0.06017814 -0.1315081 2.448882
0.06440868 -0.1359084 2.382824
0.1371545 0.5858591 2.445702
0.143186 0.2273414 2.38955
0.1423454 -0.160038 2.38366
0.1318111 -0.1586969 2.296966
0.05670459 1.086605 2.523215
-0.1929102 0.4783327 2.412404
-0.2190067 0.5435795 2.426155
0.3057669 0.5013521 2.407674
0.310969 0.6062846 2.394968
0.07389379 0.576808 2.475583
0.06705501 0.8702754 2.505659
0.06079917 1.158528 2.515576
0.05440214 1.28514 2.510483
-0.08686978 1.047028 2.518643
-0.1331883 0.8025284 2.500426
-0.1642187 0.6211017 2.445271
-0.1726601 0.5510396 2.439195
0.1969418 1.043507 2.485616
0.2567999 0.8105674 2.483355
0.2888176 0.6270093 2.425076
0.2848009 0.5810268 2.414054
0.007235846 0.5813564 2.433814
0.01151087 0.2788095 2.424847
0.05946202 -0.130526 2.449115
0.06707168 -0.1335594 2.382913
0.139612 0.5842025 2.442237
0.1402971 0.2199613 2.449335
0.1339348 -0.1586999 2.470647
0.1178862 -0.1627111 2.394589
0.0623395 1.087231 2.51567
-0.1847509 0.477077 2.426082
-0.2061125 0.5417166 2.449486
0.3099436 0.5032618 2.399722
0.3261684 0.5835392 2.38155
0.08122307 0.5730819 2.47431
0.083048 0.867455 2.50255
0.09167627 1.156945 2.515343
0.06956579 1.284166 2.511374
-0.06209824 1.044928 2.526312
-0.09977161 0.7944746 2.510776
-0.1409194 0.6133736 2.454712
-0.1484763 0.5476285 2.446437
0.2155292 1.041224 2.47752
0.2795102 0.8062544 2.472832
0.3066641 0.6258904 2.412981
0.3054461 0.5797966 2.399941
0.01573272 0.5769831 2.437421
0.02277819 0.2737244 2.431774
0.0590934 -0.1298245 2.449913
0.07010742 -0.1318345 2.383143
0.1466242 0.5805303 2.437146
0.1520799 0.2264817 2.460166
0.1514592 -0.1485731 2.485578
0.1210596 -0.1535281 2.411707
0.08891176 1.085293 2.514228
-0.1566745 0.4707399 2.430383
-0.1832716 0.5336043 2.456608
0.3268694 0.5013539 2.384382
0.3444614 0.5645583 2.359742
0.09122524 0.5687164 2.471643
0.1006495 0.864295 2.502354
0.1179405 1.154546 2.522624
0.09692243 1.281912 2.52519
-0.03501374 1.039698 2.535526
-0.06923784 0.7859806 2.518038
-0.1125152 0.6024407 2.456462
-0.1171598 0.54546 2.445468
0.2365791 1.03742 2.475691
0.2988803 0.8033493 2.465542
0.3238932 0.6273391 2.399151
0.3234435 0.5812798 2.382016
0.02554283 0.5726492 2.440119
0.03324816 0.2685687 2.435114
0.05870344 -0.1285104 2.450519
0.07208443 -0.1302531 2.383488
0.1567567 0.5760489 2.429283
0.1649209 0.2386613 2.462329
0.1592822 -0.1434695 2.492831
0.1265224 -0.1487879 2.420146
0.1131719 1.08273 2.519299
-0.1330516 0.4710626 2.428162
-0.1442984 0.546654 2.444489
0.3418933 0.4991536 2.359931
0.357646 0.5720828 2.348717
0.09984514 0.5651021 2.468426
0.1128783 0.8621325 2.502733
0.1330508 1.153222 2.528089
0.1147002 1.28122 2.538341
-0.01827913 1.034637 2.539999
-0.05161842 0.7806031 2.519528
-0.0923616 0.5957678 2.452625
-0.09131807 0.5435746 2.43766
0.2534796 1.034955 2.476284
0.3122264 0.8001258 2.460877
0.3331461 0.6261268 2.391155
0.3308912 0.5800986 2.375128
0.0336352 0.5691701 2.441275
0.04284902 0.2637618 2.435625
0.0587182 -0.12706 2.451279
0.0737251 -0.1291557 2.383747
0.1650844 0.5726179 2.422005
0.1723773 0.2432618 2.464554
0.1623411 -0.1349646 2.491673
0.1306028 -0.1390743 2.422611
0.1277327 1.081231 2.523478
-0.1041388 0.470119 2.412667
-0.126618 0.5452482 2.436367
0.3466073 0.4971576 2.353177
0.3624981 0.5708985 2.341982
0.1086517 0.5621851 2.464847
0.1216778 0.8609961 2.502972
0.1417235 1.152935 2.531248
0.1278869 1.28265 2.549543
-0.007882954 1.03164 2.541799
-0.04068998 0.7773224 2.518766
-0.08028868 0.5903193 2.4473
-0.07689314 0.5417588 2.430771
0.2639972 1.033795 2.476876
0.3209982 0.7967019 2.458253
0.3388918 0.6229098 2.386136
0.3341894 0.576957 2.371756
0.04206397 0.5664203 2.441117
0.04994816 0.2603234 2.434906
0.05988971 -0.1259173 2.451759
0.07539851 -0.1284866 2.383726
0.1730194 0.5699708 2.415826
0.1823717 0.2575799 2.454964
0.1629433 -0.1263237 2.497039
0.1310177 -0.1324463 2.426431
0.1364062 1.080778 2.52599
-0.09035312 0.4698429 2.405623
-0.1146865 0.5421894 2.426493
0.3490238 0.4970528 2.349032
0.365999 0.5690566 2.339303
0.1165037 0.5599414 2.461403
0.1289592 0.8603617 2.502866
0.1478859 1.15303 2.533149
0.1363477 1.283952 2.555628
-0.0007336847 1.029946 2.542121
-0.03305655 0.7756122 2.516404
-0.0712461 0.5868109 2.439446
-0.06633244 0.540808 2.422552
0.2719515 1.033141 2.477128
0.3273781 0.7928222 2.456796
0.3424729 0.6104116 2.382231
0.3339526 0.5664226 2.370664
0.04992213 0.5646638 2.439591
0.05548663 0.257821 2.433256
0.06152184 -0.1250278 2.451957
0.07676527 -0.1281344 2.383439
0.1800639 0.5672466 2.411166
0.1880938 0.2686619 2.441652
0.1627763 -0.112452 2.477509
0.1321825 -0.1163785 2.414172
0.1427583 1.080752 2.527518
-0.07958979 0.4707341 2.396536
-0.1069719 0.5418448 2.417051
0.3487241 0.4960538 2.34921
0.3675293 0.5643003 2.342111
0.1222619 0.5581891 2.458818
0.1346224 0.8599833 2.501987
0.1526029 1.153512 2.533364
0.1429339 1.285326 2.558141
0.004969747 1.028573 2.540351
-0.02780738 0.7752907 2.511411
-0.06465267 0.584104 2.428056
-0.0582084 0.5397891 2.41293
0.2784598 1.033044 2.475891
0.331824 0.7905521 2.454972
0.3453638 0.6067755 2.379328
0.3352814 0.5632114 2.369183
0.05587283 0.5637093 2.437963
0.05985241 0.2566229 2.431274
0.06366564 -0.124754 2.451895
0.07804212 -0.1283074 2.383516
0.1852989 0.5647151 2.407985
0.1917854 0.2744028 2.434044
0.161314 -0.1038108 2.461025
0.1338298 -0.1062624 2.39562
0.1476464 1.081054 2.527552
-0.07182059 0.4729659 2.38636
-0.1017456 0.5399175 2.407673
0.3492341 0.4952089 2.349266
0.3695408 0.5632202 2.341664
0.1259173 0.5573074 2.456642
0.1387887 0.8600459 2.500104
0.1560396 1.154636 2.530832
0.1482663 1.28721 2.556516
0.008950135 1.027475 2.536053
-0.02544176 0.7760798 2.505031
-0.06146252 0.5828264 2.419029
-0.05438198 0.5393896 2.406111
0.2833725 1.033203 2.473557
0.3347501 0.7889141 2.452597
0.347259 0.6051019 2.377046
0.3362168 0.5617881 2.367381
0.05979482 0.5632275 2.436242
0.06247037 0.2557752 2.429569
0.06539527 -0.1247557 2.451748
0.07957463 -0.1286104 2.383741
0.188419 0.5636193 2.405533
0.1936115 0.2792981 2.427557
0.1641148 -0.05808693 2.449665
0.1415075 -0.06266069 2.349701
0.151377 1.081872 2.525429
-0.06914198 0.4749438 2.375587
-0.09977824 0.5397245 2.39783
0.3483784 0.4940494 2.348486
0.3648039 0.5577177 2.333822
0.1283365 0.5568523 2.454663
0.1414792 0.8603055 2.497703
0.1574278 1.155842 2.526672
0.1514052 1.288975 2.551648
0.01068282 1.027098 2.530122
-0.02572 0.7771662 2.498628
-0.0605183 0.5823191 2.412797
-0.05397572 0.5390764 2.400678
0.2865562 1.033398 2.471026
0.3361217 0.7876734 2.449908
0.3480482 0.6040963 2.374876
0.3356737 0.5606278 2.365778
0.06245402 0.5631385 2.433758
0.06389045 0.2552225 2.427901
0.06657853 -0.1244948 2.451582
0.08049036 -0.1286311 2.38368
0.1904712 0.5629541 2.403775
0.1937342 0.2815378 2.422259
0.1609603 -0.08190507 2.44592
0.138186 -0.08525067 2.362986
0.1533074 1.082814 2.521964
-0.06937198 0.476156 2.369885
-0.1001698 0.539285 2.392566
0.3459178 0.4925497 2.348699
0.3645056 0.5566037 2.332771
0.1297877 0.5567195 2.452773
0.1428491 0.8607542 2.49488
0.1570595 1.157029 2.521681
0.1521001 1.290608 2.544866
0.01042108 1.027081 2.52359
-0.02779716 0.7787787 2.492553
-0.06153208 0.5826195 2.40767
-0.05625983 0.5393048 2.395657
0.2883159 1.033684 2.468216
0.3360351 0.7869763 2.447174
0.3479083 0.6033726 2.37294
0.3346677 0.559756 2.364495
0.06392571 0.5633381 2.431057
0.06425703 0.255225 2.425732
0.06755159 -0.1241501 2.451462
0.08118767 -0.1286339 2.383602
0.1918029 0.5626019 2.402344
0.1929003 0.2823666 2.418155
0.1592113 -0.08649696 2.442872
0.1377926 -0.08987586 2.363251
0.1535804 1.083824 2.517673
-0.07318494 0.4775016 2.364774
-0.1022776 0.5402233 2.387661
0.3439972 0.4915865 2.349075
0.3640699 0.554485 2.332454
0.1305367 0.5567878 2.451099
0.1431441 0.8612518 2.491979
0.1553758 1.157999 2.516599
0.1512607 1.291694 2.538312
0.009048575 1.027241 2.518109
-0.03048677 0.7802193 2.48771
-0.0634716 0.5833079 2.40381
-0.05918624 0.5397071 2.391878
0.2887497 1.033998 2.465329
0.3349522 0.7865818 2.444658
0.3469146 0.6033529 2.371452
0.3330326 0.5592852 2.363573
0.06456993 0.5636317 2.4285
0.06397725 0.2555756 2.423704
0.06834782 -0.123804 2.451367
0.08178627 -0.1286002 2.383466
0.1925636 0.5625149 2.401192
0.1917132 0.2826287 2.415028
0.156638 -0.09683619 2.442189
0.1362576 -0.100093 2.370369
0.1525443 1.084704 2.513204
-0.07743184 0.4788124 2.360856
-0.104595 0.5407333 2.384596
0.3416027 0.4905964 2.350196
0.3635168 0.5535123 2.333041
0.1306213 0.5569955 2.44958
0.1426862 0.8617181 2.489266
0.1534105 1.158697 2.512302
0.1497417 1.29233 2.532994
0.007178361 1.027566 2.513655
-0.03326988 0.7814408 2.48419
-0.06575184 0.5842123 2.401194
-0.06209889 0.5400825 2.389849
0.2881905 1.034294 2.46253
0.3332998 0.7863041 2.44255
0.3451507 0.6031152 2.370178
0.3308329 0.5588809 2.363235
0.06451469 0.5639772 2.426257
0.06347871 0.2556686 2.422106
0.06896386 -0.12354 2.451279
0.08216905 -0.128579 2.383296
0.1927252 0.5626302 2.400199
0.1899692 0.2819016 2.412813
0.1550836 -0.1025155 2.44263
0.1344542 -0.1059008 2.374849
0.1510186 1.085375 2.509288
-0.08132438 0.4796576 2.358228
-0.1068196 0.541401 2.382653
0.3405757 0.4905597 2.350474
0.3619704 0.5510729 2.334597
0.1301941 0.5573339 2.448139
0.1418138 0.8621232 2.486847
0.1516067 1.159135 2.508955
0.1482275 1.292649 2.529041
0.005204324 1.027964 2.510285
-0.03590652 0.7823689 2.481666
-0.06805312 0.5851263 2.399459
-0.06504719 0.5406075 2.388114
0.287106 1.034433 2.460196
0.3313071 0.7860802 2.440789
0.3426979 0.6038665 2.369296
0.3284183 0.5591253 2.36275
0.06395756 0.5643582 2.42416
0.06273962 0.2558501 2.420726
0.0694808 -0.1233042 2.451209
0.08245145 -0.128545 2.383155
0.1923922 0.5629656 2.399312
0.1874715 0.2802521 2.411373
0.1539533 -0.106366 2.443923
0.1333613 -0.1101466 2.377815
0.1494572 1.085829 2.506128
-0.08421752 0.4803446 2.356245
-0.1095328 0.5420711 2.381175
0.33794 0.4902132 2.350896
0.3598925 0.5560558 2.337269
0.1294861 0.5577211 2.446889
0.14082 0.8624696 2.48491
0.1501125 1.159442 2.506562
0.1468171 1.292781 2.526075
0.003427445 1.028322 2.507867
-0.03824062 0.7831662 2.47984
-0.07018205 0.5859755 2.398248
-0.06757889 0.5411407 2.386907
0.2858685 1.03452 2.458394
0.3293126 0.7860026 2.439425
0.3404676 0.6044512 2.368587
0.3266469 0.5591062 2.362267
0.06318489 0.5647207 2.422429
0.06241252 0.2556717 2.419757
0.06983617 -0.1230991 2.451112
0.0826231 -0.1284869 2.383
0.1917707 0.5634114 2.398552
0.1849511 0.278261 2.410592
0.1536641 -0.1083736 2.445337
0.1326528 -0.1125843 2.379561
0.1480808 1.086158 2.503805
-0.0865794 0.4809971 2.355021
-0.1126783 0.5451726 2.379541
0.3370052 0.4899356 2.351052
0.3585767 0.5580833 2.338485
0.1287123 0.5581193 2.445823
0.1398304 0.8627577 2.483312
0.1488689 1.159637 2.504732
0.1456115 1.292838 2.523882
0.001883297 1.028561 2.506128
-0.04012104 0.7837861 2.478591
-0.07194912 0.5867157 2.397371
-0.06921493 0.5414883 2.386102
0.2846555 1.034545 2.456991
0.3275225 0.7859952 2.438384
0.3387376 0.6046552 2.367984
0.3253619 0.5590595 2.361896
0.06238482 0.5650523 2.421019
0.06202411 0.2558387 2.418851
0.07014348 -0.1229004 2.451012
0.08280876 -0.1284117 2.382913
0.1910765 0.5638977 2.397895
0.1832949 0.2768414 2.410131
0.1533574 -0.109657 2.446487
0.1322206 -0.1141742 2.381058
0.1468859 1.086384 2.501992
-0.08791061 0.4812319 2.354458
-0.1143659 0.5459543 2.378288
0.3370456 0.4890841 2.34909
0.3576735 0.5572548 2.338427
0.1277294 0.5584709 2.444808
0.1387665 0.8629377 2.481846
0.1477947 1.159693 2.503171
0.1445473 1.292693 2.521887
0.0006230167 1.028764 2.504659
-0.04161267 0.7841523 2.477566
-0.07324446 0.5872324 2.396626
-0.07045478 0.5417637 2.385239
0.2835601 1.034459 2.455772
0.3260769 0.785781 2.437505
0.3374459 0.6046422 2.367428
0.3244588 0.5588942 2.361578
0.06145237 0.5653262 2.419798
0.06161174 0.256015 2.417953
0.07040202 -0.1227776 2.450944
0.0829293 -0.1284205 2.382817
0.190144 0.5643458 2.3972
0.1821129 0.2762498 2.409524
0.1531116 -0.1105006 2.447498
0.1318847 -0.1153123 2.382282
0.1457972 1.08647 2.500415
-0.08865582 0.4812157 2.353641
-0.1156985 0.5464543 2.377647
0.3361171 0.4868743 2.348637
0.3587409 0.5475309 2.340183
0.1243995 0.5577188 2.437675
0.1355146 0.8616962 2.471638
0.1452433 1.158073 2.490794
0.1421763 1.290434 2.510299
-0.002457746 1.028011 2.490446
-0.04403557 0.7830229 2.470379
-0.07509816 0.5870603 2.393443
-0.07353333 0.5413706 2.378977
0.2809269 1.032932 2.445691
0.3248163 0.7847652 2.432108
0.3372996 0.6040337 2.36419
0.3274119 0.5576479 2.354017
0.05815467 0.5643473 2.411758
0.06816338 0.2517041 2.399869
0.07080648 -0.1199568 2.450911
0.08486212 -0.1295272 2.380497
0.1870979 0.5639526 2.391579
0.1716483 0.2640382 2.397329
0.1510646 -0.1083651 2.45077
0.1310937 -0.1169706 2.383111
0.1430061 1.08495 2.488474
-0.08994253 0.4794692 2.350428
-0.1188893 0.5423025 2.37238
0.3375755 0.4846687 2.345373
0.3621444 0.5447693 2.332834
0.1187791 0.5541971 2.392002
0.1270677 0.8575959 2.414336
0.1343736 1.153273 2.422439
0.1299273 1.284225 2.440296
-0.01279616 1.025807 2.423311
-0.0542447 0.7768279 2.417987
-0.08536918 0.5865874 2.354712
-0.08586872 0.5361881 2.335881
0.2726419 1.028202 2.385025
0.3276974 0.7913918 2.372491
0.3504147 0.608128 2.298857
0.3519527 0.5559691 2.27755
0.05229234 0.5607665 2.366858
0.06585485 0.2699317 2.225009
0.0605462 -0.04853845 2.251368
0.05275951 -0.05762739 2.139986
0.1818646 0.560863 2.345559
0.1817372 0.2381443 2.380339
0.1517821 -0.0901167 2.445611
0.1192522 -0.1066206 2.347683
0.1326927 1.080366 2.42284
-0.09506907 0.4654737 2.314971
-0.1295516 0.5371464 2.333714
0.3586198 0.4796411 2.279111
0.3828225 0.548628 2.266257
0.08966418 0.5391636 2.246855
0.09080702 0.8398349 2.240865
0.09064142 1.13301 2.22015
0.0810175 1.265649 2.234982
-0.05467053 1.013652 2.230492
-0.08972774 0.7635843 2.254604
-0.1204382 0.5803841 2.222054
-0.124033 0.5221061 2.2089
0.2355178 1.014304 2.196013
0.2826712 0.8282127 2.131287
0.284384 0.6554326 1.982795
0.2795461 0.5854605 1.933377
0.02247904 0.5475665 2.22302
0.005437926 0.3166112 2.000408
-0.02514257 0.009958994 1.821719
-0.02851606 0.05374076 1.747162
0.1540841 0.5454772 2.199575
0.1724751 0.2440525 2.304163
0.1488374 -0.07879318 2.435834
0.1245914 -0.1129918 2.34763
0.09084903 1.060742 2.227816
-0.124821 0.441764 2.200109
-0.1627471 0.5142678 2.207896
0.269134 0.5132892 1.909137
0.3059079 0.5977538 1.89069
0.01034954 0.5481802 1.984252
0.006890676 0.8487911 1.959579
0.003383284 1.141202 1.920296
-0.02246532 1.27386 1.948503
-0.1421375 1.021789 1.950858
-0.1663899 0.7708664 1.985232
-0.2075201 0.5372684 1.980441
-0.2048904 0.4942718 1.982867
0.1256106 1.031016 1.865053
0.1691624 0.8751774 1.730085
0.0696758 0.7733608 1.560383
0.02168438 0.7409397 1.496778
-0.05070285 0.5564435 1.975057
-0.06237006 0.350386 1.755669
-0.05767176 -0.00386269 1.624409
-0.07918786 0.03088195 1.529869
0.07116116 0.5560579 1.922767
0.1138771 0.2984239 1.993387
0.1258412 0.05461148 2.199919
0.1032775 -0.005506126 2.130257
0.00425797 1.069275 1.932578
-0.2049598 0.4356961 1.985125
-0.2373335 0.5003037 2.000973
-0.02411355 0.7223352 1.447034
0.02551372 0.7529671 1.447357
-0.08944029 0.5617515 1.714162
-0.09180392 0.8647026 1.693171
-0.09640797 1.159855 1.651503
-0.1247881 1.296596 1.677902
-0.2391855 1.053666 1.703135
-0.2522668 0.7973328 1.716556
-0.2973318 0.6195101 1.634586
-0.3079748 0.5679544 1.6027
0.02853107 1.04737 1.593778
0.1046943 0.872224 1.509813
0.07870237 0.7019941 1.397472
0.07756031 0.6310827 1.358986
-0.1478351 0.5699648 1.706966
-0.129166 0.3590074 1.493216
-0.1032613 -0.007513175 1.492307
-0.1363596 -0.009622209 1.399398
-0.02689493 0.5708926 1.652079
-0.02789071 0.3184809 1.590305
0.07555541 0.002277128 1.631106
0.05596487 -0.01577092 1.540903
-0.09533297 1.087391 1.664624
-0.3163239 0.4979954 1.571124
-0.3365409 0.5794486 1.622562
0.0547581 0.5757041 1.316805
0.05868891 0.6170596 1.283027
-0.2189223 0.6216124 1.351664
-0.2191987 0.9320689 1.352766
-0.214169 1.236863 1.356021
-0.2599708 1.373147 1.394292
-0.3505488 1.136545 1.42677
-0.3647748 0.871445 1.399259
-0.3802119 0.7468156 1.271717
-0.3923299 0.743315 1.227497
-0.0902821 1.110774 1.269874
0.0498688 0.9262766 1.216112
0.07337552 0.7663879 1.111225
0.07601337 0.7155399 1.081558
-0.2702027 0.6251815 1.356765
-0.2568782 0.3962703 1.195695
-0.2446834 0.00513339 1.118939
-0.2855591 0.02299695 1.021415
-0.1574512 0.6367378 1.276999
-0.1751356 0.3799595 1.196254
-0.1985581 0.02829317 1.172349
-0.2283982 0.03690147 1.074951
-0.2161504 1.162968 1.356568
-0.3986904 0.7364866 1.175571
-0.3756924 0.7316693 1.212371
0.07174491 0.6542025 1.044047
0.05369419 0.7203677 1.037965
-0.3595546 0.6786162 1.06206
-0.3554692 0.9946093 1.109409
-0.3475825 1.292351 1.138847
-0.3955231 1.418679 1.191069
-0.4728207 1.196861 1.169995
-0.4895206 0.9500412 1.104331
-0.571403 0.861171 0.9264107
-0.620309 0.8176762 0.9519637
-0.2356866 1.16382 1.022456
-0.2674753 1.001052 0.8287179
-0.4039083 0.9275371 0.7180682
-0.4377012 0.9303949 0.7122892
-0.3898818 0.6751192 1.101084
-0.4166105 0.4073191 0.8944523
-0.4420092 0.03691546 0.7481162
-0.4833019 0.07069632 0.6697776
-0.3068564 0.7013035 0.9547156
-0.3078252 0.3999631 0.8782312
-0.2962984 0.06081944 0.8644278
-0.3348386 0.06301215 0.7783703
-0.3502907 1.220425 1.133602
-0.6307272 0.8256385 0.9661724
-0.5991896 0.8369017 0.927588
-0.4349002 0.8981149 0.6576076
-0.4348197 0.9155347 0.673492
-0.5180297 0.6395072 0.9572053
-0.4974999 0.9961126 0.9521797
-0.4874443 1.336683 0.9256878
-0.5575202 1.458424 0.9776259
-0.6084021 1.24695 0.9582989
-0.5310321 1.084372 0.7894115
-0.387334 1.087554 0.6905219
-0.3358 1.086897 0.677503
-0.3805873 1.167771 0.8286078
-0.4687279 1.043051 0.6982048
-0.4106081 0.8011109 0.7068446
-0.3808481 0.7210374 0.721009
-0.5594951 0.6606953 0.9342541
-0.674274 0.5054841 1.031039
-0.5487484 0.6585807 1.053176
-0.5807688 0.6829946 1.065901
-0.4447601 0.6414921 0.9195541
-0.2448997 0.4010404 0.8454615
-0.04777646 0.1560505 0.8338488
-0.07999186 0.134301 0.745842
-0.4911003 1.254566 0.9375004
-0.2865308 1.141865 0.699096
-0.2951607 1.070511 0.7362502
-0.3387499 0.6392681 0.7296793
-0.4485848 0.7146041 0.7157149
-0.3660244 0.5742031 0.8204645
-0.4360928 0.8993904 0.8359281
-0.4965321 1.211196 0.8312829
-0.5283108 1.137455 0.7956566
-0.6215534 1.130645 0.8700272
-0.5055243 1.090532 0.671746
-0.5638976 1.290264 0.7152761
-0.5628406 1.299953 0.7233841
-0.4486792 1.073165 0.9663336
-0.4886112 0.9894792 0.6794409
-0.440975 0.7471376 0.6052418
-0.4150379 0.6877661 0.6138818
-0.4157417 0.5756572 0.8079966
-0.4924856 0.4037921 0.988909
-0.514863 0.2772931 1.16523
-0.4888866 0.2272591 1.132631
-0.2905055 0.6032364 0.7711912
-0.2904884 0.3258699 0.7982411
-0.2799611 0.04729296 0.8896607
-0.2464664 0.02021119 0.8032791
-0.4829349 1.136046 0.8345781
-0.5575472 1.326165 0.7327335
-0.5413546 1.296276 0.6930432
-0.4222273 0.6631554 0.5388228
-0.471731 0.6911632 0.510682
-0.3735732 0.4858422 0.8167922
-0.4399438 0.7883257 0.8589269
-0.5105361 1.081509 0.8467717
-0.5119861 1.024329 0.7828854
-0.6164729 1.01917 0.9369794
-0.5018935 0.9212108 0.7361125
-0.5638894 1.195562 0.731061
-0.5556107 1.225853 0.7410688
-0.4741358 0.9777152 1.008226
-0.487739 0.9243855 0.7468904
-0.4611284 0.7093699 0.5900831
-0.41045 0.661746 0.5736624
-0.4305154 0.4953543 0.8006768
-0.4946907 0.3261986 1.02145
-0.5291388 0.2046354 1.210191
-0.4987495 0.1551478 1.183864
-0.2895371 0.5102735 0.7896673
-0.3099166 0.2141209 0.740956
-0.360274 0.5726814 0.5570714
-0.2934018 0.5671846 0.5280399
-0.494823 1.010503 0.8520368
-0.5821688 1.259261 0.7559965
-0.5440092 1.226271 0.6976897
-0.4174705 0.6763926 0.4565197
-0.3486191 0.6500118 0.5382013
-0.3771921 0.4513571 0.8176566
-0.4548319 0.7659917 0.8711419
-0.5290273 1.065949 0.8677087
-0.5189846 0.9923092 0.8079348
-0.6204647 1.000638 0.9261797
-0.4972346 0.857813 0.7632635
-0.4691086 1.049888 0.613619
-0.4852074 1.062805 0.6709917
-0.5080425 0.954617 1.027096
-0.511762 0.9905432 0.7600334
-0.4626624 0.789851 0.6165053
-0.4409828 0.7171162 0.564995
-0.4302123 0.4658404 0.7951123
-0.5135314 0.3129809 1.026595
-0.5774674 0.2178866 1.244608
-0.5361524 0.1742268 1.23768
-0.2995921 0.4735312 0.7820726
-0.2814762 0.1676968 0.7410092
-0.3483346 0.6244599 0.6434352
-0.2517936 0.6267619 0.5880609
-0.5123947 0.9931335 0.8708609
-0.5105721 1.138971 0.6549408
-0.4753666 1.061276 0.6088374
-0.423478 0.6699538 0.4635197
-0.3727257 0.6942627 0.6031592
-0.3727092 0.4174293 0.8248917
-0.4638828 0.74729 0.8898343
-0.5427316 1.051796 0.9000733
-0.5251225 0.9801829 0.8409007
-0.6190977 0.9740006 0.9282011
-0.4957228 0.8416864 0.7602542
-0.4636357 1.036953 0.5989897
-0.4881965 1.058272 0.6727709
-0.533371 0.9121423 1.068584
-0.5024181 0.9892797 0.8087713
-0.4690594 0.7901778 0.625293
-0.4442617 0.7169839 0.5736511
-0.422013 0.4366222 0.8023506
-0.4955544 0.2807251 1.069688
-0.5707001 0.1564187 1.322898
-0.5065746 0.1042887 1.316337
-0.2987036 0.4348903 0.7886846
-0.2540933 0.1269254 0.740701
-0.3501031 0.6612902 0.6729733
-0.2473708 0.6723814 0.6148499
-0.5250556 0.9777883 0.8998671
-0.5130279 1.128424 0.650654
-0.4773333 1.053617 0.6005839
-0.443176 0.6530509 0.4976505
-0.3692952 0.6968263 0.6132179
-0.3594515 0.3932961 0.8634151
-0.4639384 0.7292935 0.9074152
-0.5472383 1.03625 0.9185355
-0.523524 0.9712964 0.8571647
-0.6044444 0.9548854 0.9591841
-0.4912522 0.8166704 0.7675157
-0.3824176 0.9384532 0.6308852
-0.4619705 0.9934737 0.6578034
-0.5182863 0.894319 1.122927
-0.514335 0.9893363 0.8340454
-0.4770519 0.7900934 0.6334516
-0.4274624 0.7250612 0.6097851
-0.4070635 0.4136992 0.8346673
-0.4825612 0.2671184 1.097597
-0.5644795 0.1321534 1.347326
-0.4982832 0.08022258 1.340975
-0.2887379 0.4121334 0.8363028
-0.2244887 0.1040482 0.7799734
-0.34758 0.6726235 0.6993589
-0.2420357 0.6876175 0.6439548
-0.5285912 0.9616467 0.918113
-0.493357 1.065457 0.6360275
-0.4582209 0.9848607 0.5833231
-0.4426655 0.6444601 0.5282604
-0.3558193 0.6917272 0.6310021
