2.1075 180 180 91.2497 0 
2.03914 180 180 91.2497 0 
1.98461 180 180 91.2497 0 
2.00143 180 180 91.2497 0 
2.01508 180 180 91.2497 0 
2.02033 180 180 91.2497 0 
2.05021 180 180 91.2497 0 
2.12046 180 180 91.2497 0 
2.18935 180 180 91.2497 0 
3.31335 180 180 91.2497 0 
20.4537 180 180 91.2497 0 
31.6316 180 180 92.1383 0 
39.6435 180 180 92.8464 0 
46.7196 180 180 93.1319 0 
55.5547 180 180 92.2316 0 
63.372 180 180 92.2722 0 
72.5089 180 180 91.988 0 
78.6187 180 180 91.4378 0 
76.3193 180 180 91.7332 0 
62.7542 180 180 92.8114 0 
44.0043 180 180 91.5096 0 
24.32 180 180 87.3045 0 
4.77132 180 180 40.4412 0 
2.23329 180 180 -6.42204 0 
3.81923 180 180 -53.2853 0 
5.05124 180 180 -100.149 0 
5.6275 180 180 -105.45 0 
6.70324 180 180 -110.503 0 
5.75971 180 180 -118.011 0 
4.9764 180 180 -121.27 0 
4.63301 180 180 -124.53 0 
4.56167 180 180 -127.789 0 
4.58086 180 180 -131.048 0 
4.72607 180 180 -134.307 0 
4.87417 180 180 -137.566 0 
5.02788 180 180 -140.825 0 
5.13258 180 180 -139.098 0 
5.21816 180 180 -137.678 0 
5.28794 180 180 -136.166 0 
5.88474 180 180 -130.306 0 
9.11772 180 180 -114.374 0 
20.7341 180 180 -98.0481 0 
29.3951 180 180 -96.6084 0 
10.4209 180 180 -10.6497 0 
10.4695 180 180 80.3623 0 
8.07796 180 180 51.4414 0 
39.9165 180 180 -17.4694 0 
12.0757 180 180 -55.7921 0 
104.397 180 180 133.506 0 
135.764 180 180 151.284 0 
150.784 180 180 172.54 0 
150.222 180 180 175.5 0 
